11/04/2017 10:59:04 08°51.25994 S  034°35.65394 W 2044.6
Time,Conductivity,Temperature,Pressure,Chlorophyll a,Sea pressure,Depth,Salinity,Speed of sound,Specific conductivity,Density anomaly
2017-04-11 10:59:04.000,59.8200307,28.6545658,13.0162694,0.3324293,2.8837694,2.8602533,37.0163031,1544.9326740,55916.9072429,23.7070744
2017-04-11 10:59:19.000,59.8364138,28.6573659,13.3898148,0.0935805,3.2573148,3.2307525,37.0254612,1544.9546281,55929.4253204,23.7146222
2017-04-11 10:59:30.000,59.8625132,28.6602694,15.3856208,0.1070187,5.2531208,5.2102834,37.0408340,1545.0106848,55950.9202913,23.7337368
2017-04-11 10:59:40.000,59.8790325,28.6655605,15.5850712,0.0788570,5.4525712,5.4081074,37.0481944,1545.0331628,55961.0742435,23.7383561
2017-04-11 10:59:51.000,59.9149172,28.6673953,17.7819009,0.0971446,7.6494009,7.5870227,37.0711816,1545.0983230,55992.7771674,23.7644120
2017-04-11 11:00:01.000,59.9971791,28.6819661,19.7518177,0.1160748,9.6193177,9.5408756,37.1167156,1545.2107408,56055.0750191,23.8021973
2017-04-11 11:00:12.000,60.0806296,28.6879889,22.4226271,0.1263580,12.2901271,12.1899055,37.1695424,1545.3242792,56127.0100768,23.8513159
2017-04-11 11:00:22.000,60.2060188,28.6896785,25.0274881,0.1427175,14.8949881,14.7735248,37.2551295,1545.4618839,56242.4523423,23.9262413
2017-04-11 11:00:33.000,60.2153582,28.6881226,26.8472076,0.1369332,16.7147076,16.5784052,37.2623232,1545.4967801,56252.7385370,23.9399389
2017-04-11 11:00:43.000,60.2177386,28.6872535,29.3511731,0.1411984,19.2186731,19.0619517,37.2638971,1545.5387640,56255.8347818,23.9520995
2017-04-11 11:00:54.000,60.2378416,28.6826103,31.3226789,0.1466321,21.1901789,21.0173806,37.2810020,1545.5800237,56279.2779111,23.9749320
2017-04-11 11:01:05.000,60.2632460,28.6791099,33.0717026,0.1497871,22.9392026,22.7521417,37.3009917,1545.6230229,56306.5299189,23.9986019
2017-04-11 11:01:16.000,60.2682410,28.6792193,34.1727597,0.1573242,24.0402597,23.8442200,37.3040610,1545.6450405,56311.0870290,24.0055721
2017-04-11 11:01:27.000,60.2778474,28.6782349,34.7300241,0.1645691,24.5975241,24.3969401,37.3113866,1545.6600280,56321.0521221,24.0137892
2017-04-11 11:01:38.000,60.2983581,28.6757678,36.6671185,0.1586680,26.5346185,26.3182382,37.3270848,1545.7038953,56342.6970534,24.0346873
2017-04-11 11:01:49.000,60.3269869,28.6725292,39.5144010,0.1681331,29.3819010,29.1423022,37.3487943,1545.7677689,56372.7061350,24.0642478
2017-04-11 11:02:00.000,60.3381201,28.6734710,40.7069723,0.1590185,30.5744723,30.3251484,37.3554782,1545.7969186,56382.1618543,24.0740474
2017-04-11 11:02:11.000,60.3457776,28.6739328,41.6225442,0.2047667,31.4900442,31.2332542,37.3601923,1545.8182975,56388.8525101,24.0813442
2017-04-11 11:02:22.000,60.3671223,28.6777609,42.9961477,0.1874724,32.8636477,32.5956564,37.3716960,1545.8617643,56404.9438785,24.0945742
2017-04-11 11:02:33.000,60.4053005,28.6809816,46.0074057,0.2128880,35.8749057,35.5823587,37.3949553,1545.9438903,56437.3723321,24.1238340
2017-04-11 11:02:44.000,60.4016364,28.6712958,48.7983375,0.1866544,38.6658375,38.3505315,37.3991590,1545.9745491,56443.7050240,24.1421442
2017-04-11 11:02:55.000,60.4019210,28.6688898,50.0802565,0.1757870,39.9477565,39.6219969,37.4008577,1545.9927693,56446.3949441,24.1496952
2017-04-11 11:03:06.000,60.4045263,28.6683734,50.9540534,0.2005016,40.8215534,40.4886683,37.4028186,1546.0084455,56449.3500252,24.1550698
2017-04-11 11:03:17.000,60.4030462,28.6658947,51.5692247,0.1764297,41.4367247,41.0988230,37.4035455,1546.0142535,56450.4643752,24.1590704
2017-04-11 11:03:28.000,60.3997462,28.6654755,50.5150953,0.1705286,40.3825953,40.0532897,37.4018916,1545.9938542,56447.8027046,24.1534710
2017-04-11 11:03:39.000,60.4035552,28.6658947,47.7028471,0.1960027,37.5703471,37.2639744,37.4051005,1545.9507547,56450.9400481,24.1437492
2017-04-11 11:03:50.000,60.3862627,28.6779128,44.5987968,0.1644522,34.4662968,34.1852365,37.3844807,1545.9025485,56422.6750092,24.1109754
2017-04-11 11:04:01.000,60.3646766,28.6776272,42.7975032,0.1641017,32.6650032,32.3986318,37.3701506,1545.8565040,56402.7932909,24.0926093
2017-04-11 11:04:12.000,60.3334837,28.6721950,40.8991530,0.1548118,30.7666530,30.5157619,37.3531772,1545.7949956,56379.1133156,24.0735638
2017-04-11 11:04:23.000,60.3254352,28.6718426,39.5790244,0.1548118,29.4465244,29.2063985,37.3482284,1545.7667883,56371.9468900,24.0643277
2017-04-11 11:04:34.000,60.3266599,28.6721039,38.8645690,0.1530590,28.7320690,28.4977692,37.3491015,1545.7562308,56372.8284633,24.0618488
2017-04-11 11:04:45.000,60.3121321,28.6740847,37.7353504,0.1481512,27.6028504,27.3777590,37.3377210,1545.7294772,56357.2603786,24.0478083
2017-04-11 11:04:56.000,60.3046590,28.6773659,36.8593511,0.1500208,26.7268511,26.5089032,37.3301787,1545.7138209,56346.9775155,24.0372995
2017-04-11 11:05:07.000,60.3107212,28.6760169,36.4816548,0.1483264,26.3491548,26.1342868,37.3356010,1545.7102697,56353.9986096,24.0402179
2017-04-11 11:05:18.000,60.3091605,28.6755612,36.2883040,0.1503714,26.1558040,25.9425128,37.3349268,1545.7053243,56352.9985736,24.0390385
2017-04-11 11:05:29.000,60.3104013,28.6768008,36.1584156,0.1584927,26.0259156,25.8136835,37.3348602,1545.7057261,56352.9112775,24.0380192
2017-04-11 11:05:40.000,60.3043494,28.6769952,35.7283564,0.1580837,25.5958564,25.3871314,37.3306038,1545.6944170,56347.0609631,24.0329178
2017-04-11 11:05:51.000,60.3070711,28.6775117,35.9476898,0.1278770,25.8151898,25.6046762,37.3320348,1545.7007273,56349.0846584,24.0347570
2017-04-11 11:06:02.000,60.3107484,28.6758893,36.7493147,0.1474500,26.6168147,26.3997641,37.3356375,1545.7145440,56354.1523171,24.0414301
2017-04-11 11:06:13.000,60.3156399,28.6723651,37.6133062,0.1620567,27.4808062,27.2567101,37.3415680,1545.7277797,56362.2678969,24.0507567
2017-04-11 11:06:24.000,60.3244618,28.6714902,38.9528896,0.1605376,28.8203896,28.5853697,37.3480183,1545.7552614,56371.3918907,24.0616164
2017-04-11 11:06:35.000,60.3412660,28.6704026,40.3821707,0.1507804,30.2496707,30.0029954,37.3601975,1545.7898284,56388.1893892,24.0772386
2017-04-11 11:06:46.000,60.3575412,28.6742366,42.2068206,0.1652702,32.0743206,31.8127660,37.3680083,1545.8370207,56399.5389134,24.0896136
2017-04-11 11:06:57.000,60.3711276,28.6746862,43.8916686,0.1671399,33.7591686,33.4838747,37.3766448,1545.8754627,56411.7816785,24.1031461
2017-04-11 11:07:08.000,60.4024545,28.6674560,46.0311940,0.1731578,35.8986940,35.6059530,37.4036168,1545.9243821,56448.3381557,24.1349801
2017-04-11 11:07:19.000,60.4387880,28.6876971,48.7174292,0.1731578,38.5849292,38.2702829,37.4122673,1546.0221759,56461.8936309,24.1461635
2017-04-11 11:07:30.000,60.4178437,28.6742730,51.4641194,0.1721061,41.3316194,40.9945749,37.4073351,1546.0344549,56455.8503501,24.1586660
2017-04-11 11:07:41.000,60.4129658,28.6685192,54.2034990,0.1853690,44.0709990,43.7116158,37.4076068,1546.0685403,56457.0899154,24.1724807
2017-04-11 11:07:52.000,60.3514008,28.6149439,56.8523724,0.2133555,46.7198724,46.3388886,37.4059069,1545.9962775,56453.5417578,24.2004348
2017-04-11 11:08:03.000,60.4721897,28.6656152,59.5909324,0.2282543,49.4584324,49.0551166,37.4497070,1546.1973785,56515.3653120,24.2280908
2017-04-11 11:08:14.000,60.5453710,28.6992707,62.3888688,0.2601553,52.2563688,51.8302369,37.4735171,1546.3417741,56549.7854081,24.2466468
2017-04-11 11:08:25.000,60.5611382,28.7063900,65.0184244,0.2568834,54.8859244,54.4383494,37.4781191,1546.4061768,56557.3290761,24.2589307
2017-04-11 11:08:36.000,60.5540234,28.6855821,67.7458777,0.2786766,57.6133777,57.1435612,37.4887250,1546.4186621,56571.6815010,24.2855118
2017-04-11 11:08:47.000,59.3827076,27.8101667,70.4622645,0.3010541,60.3297645,59.8377969,37.3557289,1544.4206039,56357.7513039,24.4876808
2017-04-11 11:08:58.000,59.1933295,27.6170202,73.1269888,0.3165372,62.9944888,62.4807914,37.3740665,1544.0580153,56375.4003133,24.5762369
2017-04-11 11:09:09.000,58.6243279,27.3649009,75.7601821,0.3522944,65.6276821,65.0925119,37.1676038,1543.3222249,56090.7316306,24.5142318
2017-04-11 11:09:20.000,58.2456527,26.8357363,78.6025795,0.3855977,68.4700795,67.9117306,37.3183260,1542.3387796,56272.5913602,24.8111425
2017-04-11 11:09:31.000,57.8935087,26.5073885,81.6625470,0.4407526,71.5300470,70.9467451,37.3270685,1541.6509343,56273.3362932,24.9360208
2017-04-11 11:09:42.000,57.4442862,26.1333983,84.4161936,0.5406040,74.2836936,73.6779367,37.3015735,1540.8083986,56227.0874687,25.0474041
2017-04-11 11:09:53.000,56.9844644,25.7634532,87.1954329,0.5445770,77.0629329,76.4345123,37.2640141,1539.9531822,56165.4621123,25.1474581
2017-04-11 11:10:04.000,56.7537516,25.5952691,90.1440388,0.6406891,80.0115388,79.3590734,37.2299750,1539.5712818,56115.7358498,25.1870071
2017-04-11 11:10:15.000,56.6381168,25.4798418,92.9937803,0.6358397,82.8612803,82.1855762,37.2378519,1539.3554618,56123.7439707,25.2411734
2017-04-11 11:10:26.000,56.6367863,25.4778275,95.7662441,0.7123204,85.6337441,84.9354317,37.2375986,1539.3969538,56124.5651765,25.2535011
2017-04-11 11:10:37.000,56.5937364,25.4296788,98.7741335,0.7770573,88.6416335,87.9187928,37.2441279,1539.3406618,56133.0598816,25.2863227
2017-04-11 11:10:48.000,56.6495040,25.4421440,101.5713664,0.7901449,91.4388664,90.6932152,37.2744040,1539.4496387,56175.1080668,25.3173220
2017-04-11 11:10:59.000,56.5966486,25.3811363,104.2971708,0.8337897,94.1646708,93.3967917,37.2843353,1539.3617197,56187.6193754,25.3554931
2017-04-11 11:11:10.000,56.4082749,25.2374520,107.1215881,1.2365256,96.9890881,96.1981769,37.2612986,1539.0433322,56153.5996188,25.3947761
2017-04-11 11:11:21.000,56.1297091,24.9876915,109.9024007,1.2320852,99.7699007,98.9563129,37.2580868,1538.4904261,56142.9079020,25.4814003
2017-04-11 11:11:32.000,56.0452115,24.9384057,112.7150986,1.2638694,102.5825986,101.7460743,37.2345148,1538.3940047,56111.2235857,25.4908097
2017-04-11 11:11:43.000,55.9016561,24.8235132,115.7183105,1.1200810,105.5858105,104.7247961,37.2206994,1538.1533634,56090.7322284,25.5285279
2017-04-11 11:11:54.000,55.6376314,24.6168651,118.7648167,1.0847912,108.6323167,107.7464591,37.1919570,1537.6744713,56047.7821384,25.5830574
2017-04-11 11:12:05.000,55.4785258,24.4806419,121.7467604,0.9183333,111.6142604,110.7040861,37.1837582,1537.3850653,56034.3722239,25.6311408
2017-04-11 11:12:16.000,55.3050081,24.3277659,124.8812265,0.8870165,114.7487265,113.8129918,37.1783036,1537.0592215,56024.3423085,25.6868624
2017-04-11 11:12:27.000,55.2546421,24.2933099,127.9984124,0.6690261,117.8659124,116.9047581,37.1676938,1537.0157653,56010.6617776,25.7026578
2017-04-11 11:12:38.000,55.0668002,24.1558092,131.2083312,0.5694084,121.0758312,120.0885012,37.1383077,1536.7008969,55969.2509545,25.7357372
2017-04-11 11:12:49.000,54.8805184,24.0181586,134.1150565,0.5392602,123.9825565,122.9715232,37.1101043,1536.3804722,55929.3714196,25.7683060
2017-04-11 11:13:00.000,54.6759044,23.8791154,137.1049223,0.4252695,126.9724223,125.9370077,37.0687844,1536.0423312,55872.0636406,25.7915655
2017-04-11 11:13:11.000,54.0320712,23.3901892,140.0925585,0.3917909,129.9600585,128.9002808,36.9820550,1534.7797163,55746.1185914,25.8840991
2017-04-11 11:13:22.000,53.8791018,23.2835178,143.1813438,0.3065462,133.0488438,131.9638781,36.9522659,1534.5308216,55705.3925608,25.9062891
2017-04-11 11:13:33.000,53.1954000,22.7682249,146.2109785,0.2285464,136.0784785,134.9688073,36.8531838,1533.1666001,55563.9177971,25.9949243
2017-04-11 11:13:44.000,52.7593627,22.5408400,149.0744799,0.1676657,138.9419799,137.8089579,36.7025892,1532.4664840,55359.6007156,25.9588032
2017-04-11 11:13:55.000,52.1853375,22.0020323,151.8450632,0.1429512,141.7125632,140.5569481,36.7046312,1531.1190993,55355.0320490,26.1266029
2017-04-11 11:14:06.000,52.0383396,21.8997893,154.7230800,0.1239040,144.5905800,143.4114957,36.6738139,1530.8659214,55313.6854680,26.1446438
2017-04-11 11:14:17.000,51.6131625,21.5862625,157.6332251,0.1281692,147.5007251,146.2979096,36.6007713,1530.0094320,55213.1945542,26.1901531
2017-04-11 11:14:28.000,51.2061371,21.2545680,160.8540501,0.1211580,150.7215501,149.4924699,36.5563255,1529.1338875,55151.5554125,26.2629858
2017-04-11 11:14:39.000,51.0687406,21.1408039,163.9365326,0.1275849,153.8040326,152.5498159,36.5418871,1528.8655833,55132.6002149,26.2969391
2017-04-11 11:14:50.000,50.7555734,20.9365088,166.8035372,0.1497871,156.6710372,155.3934411,36.4628770,1528.2777729,55026.3130632,26.3056865
2017-04-11 11:15:01.000,50.0703906,20.3818210,169.6729348,0.1063760,159.5404348,158.2394397,36.3807967,1526.7307677,54914.2213755,26.4071452
2017-04-11 11:15:12.000,49.8280148,20.2194685,172.4907372,0.1060839,162.3582372,161.0342640,36.3211098,1526.2666320,54834.8870312,26.4177598
2017-04-11 11:15:23.000,49.3399670,19.8370474,175.6726283,0.1044479,165.5401283,164.1902079,36.2481724,1525.1831782,54737.7917155,26.4784161
2017-04-11 11:15:34.000,49.1615644,19.6713356,178.3786550,0.1139130,168.2461550,166.8741679,36.2429053,1524.7618176,54732.0556250,26.5301765
2017-04-11 11:15:45.000,49.0671803,19.5897581,179.7991160,0.1076614,169.6666160,168.2830456,36.2347678,1524.5488657,54721.9019703,26.5517307
2017-04-11 11:15:56.000,48.9047807,19.4646747,181.1541582,0.1274096,171.0216582,169.6270379,36.2077594,1524.1913040,54686.4946829,26.5700024
2017-04-11 11:16:07.000,48.7632991,19.3608134,182.4822832,0.1291040,172.3497832,170.9443325,36.1795573,1523.8903456,54649.5143130,26.5815460
2017-04-11 11:16:18.000,48.5619831,19.2008118,184.4735299,0.1340119,174.3410299,172.9193413,36.1497083,1523.4394185,54610.9358019,26.6092871
2017-04-11 11:16:29.000,48.1728933,18.9029689,186.5977281,0.1147310,176.4652281,175.0262174,36.0817785,1522.5543161,54522.1808000,26.6439949
2017-04-11 11:16:40.000,48.0033095,18.7461578,188.7752289,0.1334860,178.6427289,177.1859615,36.0748640,1522.1357088,54515.0434035,26.6886184
2017-04-11 11:16:51.000,47.9929458,18.7391166,190.0145979,0.1198142,179.8820979,178.4152239,36.0717995,1522.1327472,54511.5994117,26.6934925
2017-04-11 11:17:02.000,47.8262366,18.6537936,191.0702161,0.1069603,180.9377161,179.4622339,36.0050461,1521.8307014,54422.9849731,26.6689759
2017-04-11 11:17:13.000,47.5758621,18.4880279,192.2166865,0.1093558,182.0841865,180.5993552,35.9373065,1521.2971477,54333.8315716,26.6645440
2017-04-11 11:17:24.000,47.5041304,18.3380381,192.7800008,0.0995985,182.6475008,181.1580759,36.0074225,1520.9535705,54429.9915619,26.7587347
2017-04-11 11:17:35.000,47.5014859,18.3388911,193.0597264,0.0994816,182.9272264,181.4355205,36.0043173,1520.9571635,54425.9454545,26.7573653
2017-04-11 11:17:46.000,47.5030093,18.3389376,193.3084873,0.1144973,183.1759873,181.6822528,36.0054791,1520.9627528,54427.6354853,26.7593285
2017-04-11 11:17:57.000,47.4979160,18.3343625,194.0508819,0.0978457,183.9183819,182.4185935,36.0048751,1520.9611977,54427.2491752,26.7632689
2017-04-11 11:18:08.000,47.4948147,18.3308112,195.4331869,0.1226771,185.3006869,183.7896262,36.0048266,1520.9738704,54427.9259218,26.7701692
2017-04-11 11:18:19.000,47.4881926,18.3260246,196.7680300,0.1288703,186.6355300,185.1135841,36.0028817,1520.9800318,54426.0392809,26.7757249
2017-04-11 11:18:30.000,47.4723525,18.3192121,198.0230865,0.1198726,187.8905865,186.3584061,35.9948943,1520.9721532,54416.0000107,26.7768242
2017-04-11 11:18:41.000,47.3093592,18.2028719,199.8050118,0.0962681,189.6725118,188.1258005,35.9573339,1520.6223618,54367.6469687,26.7853056
2017-04-11 11:18:52.000,47.2085538,18.1055938,201.4001851,0.1161917,191.2676851,189.7079656,35.9560353,1520.3649875,54367.8890849,26.8157978
2017-04-11 11:19:03.000,47.0787410,18.0032791,203.0539445,0.1077198,192.9214445,191.3482393,35.9342283,1520.0698428,54340.6874159,26.8320386
2017-04-11 11:19:14.000,46.7546054,17.7452040,204.9315608,0.0866277,194.7990608,193.2105443,35.8822677,1519.2869370,54275.3573645,26.8648933
2017-04-11 11:19:25.000,46.6141300,17.6323254,206.7040084,0.0749424,196.5715084,194.9685382,35.8600008,1518.9591333,54248.0568645,26.8835909
2017-04-11 11:19:36.000,46.3711822,17.4232383,208.4678539,0.0744165,198.3353539,196.7180002,35.8338343,1518.3411779,54217.3012137,26.9228281
2017-04-11 11:19:47.000,46.2726767,17.3595392,210.0008264,0.0598098,199.8683264,198.2384718,35.8041168,1518.1438891,54179.1990080,26.9224054
2017-04-11 11:19:58.000,46.1803051,17.2704308,212.1890074,0.0603941,202.0565074,200.4088090,35.8018743,1517.9130386,54179.0110149,26.9520804
2017-04-11 11:20:09.000,46.1518242,17.2449882,213.6778390,0.0775716,203.5453390,201.8854997,35.7990564,1517.8588683,54176.4842853,26.9626588
2017-04-11 11:20:20.000,46.1019096,17.2075873,215.3303705,0.0544930,205.1978705,203.5245554,35.7880997,1517.7624352,54163.3103511,26.9706286
2017-04-11 11:20:31.000,46.0047825,17.1273868,216.8976974,0.0696255,206.7651974,205.0791013,35.7739288,1517.5331100,54146.6465645,26.9861640
2017-04-11 11:20:42.000,45.9525491,17.0919319,218.4194429,0.0453784,208.2869429,206.5884375,35.7591999,1517.4356257,54128.3111939,26.9901592
2017-04-11 11:20:53.000,45.7426371,16.9549363,219.9360931,0.0346863,209.8035931,208.0927200,35.6966352,1516.9789839,54047.6355414,26.9820233
2017-04-11 11:21:04.000,45.5327807,16.7364039,221.3515069,0.0198459,211.2190069,209.4965916,35.7061731,1516.3561657,54066.3215143,27.0481331
2017-04-11 11:21:15.000,45.4733585,16.6876088,222.6884436,0.0485919,212.5559436,210.8226261,35.6968153,1516.2203262,54055.5836867,27.0585077
2017-04-11 11:21:26.000,45.4301816,16.6537873,224.1487745,0.0303043,214.0162745,212.2710485,35.6883479,1516.1326338,54045.7601496,27.0665094
2017-04-11 11:21:37.000,45.2654681,16.5245351,225.6308164,0.0193785,215.4983164,213.7410049,35.6576791,1515.7305340,54008.4266600,27.0802980
2017-04-11 11:21:48.000,45.2025609,16.4622537,227.5409124,0.0442683,217.4084124,215.6355248,35.6568968,1515.5722472,54010.0276018,27.1028828
2017-04-11 11:21:59.000,45.1567387,16.4203712,229.2559217,0.0385425,219.1234217,217.3365487,35.6530719,1515.4689702,54006.8983098,27.1174121
2017-04-11 11:22:10.000,45.1190795,16.3893028,229.9159513,0.0439177,219.7834513,217.9911960,35.6472140,1515.3786265,54000.1825510,27.1231728
2017-04-11 11:22:21.000,45.0782341,16.3584964,230.4421830,0.0436840,220.3096830,218.5131365,35.6383367,1515.2832986,53989.3177212,27.1259573
2017-04-11 11:22:32.000,45.0022571,16.2967917,230.8950990,0.0414054,220.7625990,218.9623591,35.6259201,1515.0883295,53974.5087159,27.1329854
2017-04-11 11:22:43.000,44.9656206,16.2654829,231.2409355,0.0498188,221.1084355,219.3053754,35.6212529,1514.9930904,53969.2758060,27.1383018
2017-04-11 11:22:54.000,44.8753518,16.2086336,232.5044944,0.0388930,222.3719944,220.5586305,35.5913820,1514.8057943,53931.2174103,27.1342963
2017-04-11 11:23:05.000,44.6721998,16.0139413,233.9076308,0.0325829,223.7751308,221.9503248,35.5841806,1514.2236081,53928.0761615,27.1805303
2017-04-11 11:23:16.000,44.6230037,15.9724003,234.9630834,0.0448526,224.8305834,222.9971705,35.5770783,1514.1050935,53920.3334029,27.1894024
2017-04-11 11:23:27.000,44.5814890,15.9382307,236.3719713,0.0476570,226.2394713,224.3945695,35.5700667,1514.0151152,53912.6855270,27.1981694
2017-04-11 11:23:38.000,44.5192717,15.8851329,237.4580883,0.0420481,227.3255883,225.4718296,35.5616289,1513.8596450,53903.5551768,27.2088073
2017-04-11 11:23:49.000,44.4756314,15.8515432,238.3850528,0.0481829,228.2525528,226.3912350,35.5523409,1513.7605759,53892.5795856,27.2135442
2017-04-11 11:24:00.000,44.3371307,15.7323129,239.6700840,0.0321155,229.5375840,227.6657873,35.5347419,1513.3926967,53873.4162009,27.2332621
2017-04-11 11:24:11.000,44.3012427,15.6984720,240.2960334,0.0338683,230.1635334,228.2866323,35.5326863,1513.2958054,53872.1195392,27.2422450
2017-04-11 11:24:22.000,44.2772370,15.6800396,240.7693874,0.0375492,230.6368874,228.7561263,35.5275008,1513.2404716,53865.9886720,27.2445912
2017-04-11 11:24:33.000,44.2631770,15.6659158,241.0070800,0.0344526,230.8745800,228.9918805,35.5274716,1513.2005540,53866.5620351,27.2488684
2017-04-11 11:24:44.000,44.2514965,15.6548740,241.2387464,0.0396526,231.1062464,229.2216578,35.5268101,1513.1693551,53866.1723532,27.2519221
2017-04-11 11:24:55.000,44.2360552,15.6408336,241.4190452,0.0433919,231.2865452,229.4004863,35.5254831,1513.1272107,53864.9595491,27.2549266
2017-04-11 11:25:06.000,44.2068185,15.6191586,241.6561060,0.0386009,231.5236060,229.6356140,35.5185861,1513.0558076,53856.5083538,27.2556521
2017-04-11 11:25:17.000,44.1656517,15.5836095,241.7794494,0.0260976,231.6469494,229.7579516,35.5134729,1512.9414044,53850.9009609,27.2604290
2017-04-11 11:25:28.000,44.1605057,15.5773111,241.7835958,0.0238189,231.6510958,229.7620641,35.5145079,1512.9230832,53852.5255840,27.2626884
2017-04-11 11:25:39.000,44.1686742,15.5821885,241.8192322,0.0175088,231.6867322,229.7974100,35.5174604,1512.9422725,53856.3684480,27.2639963
2017-04-11 11:25:50.000,44.1390519,15.5596267,241.9906107,0.0118414,231.8581107,229.9673909,35.5110206,1512.8674431,53848.5435615,27.2649754
2017-04-11 11:26:01.000,44.1102399,15.5371999,242.1983234,0.0307717,232.0658234,230.1734098,35.5051662,1512.7942719,53841.5302280,27.2665290
2017-04-11 11:26:12.000,44.0716157,15.5026151,242.4061922,0.0052976,232.2736922,230.3795835,35.5014072,1512.6856045,53837.7942991,27.2724719
2017-04-11 11:26:23.000,44.0392734,15.4748462,242.8876588,0.0253964,232.7551588,230.8571239,35.4970523,1512.6019429,53833.1645527,27.2775940
2017-04-11 11:26:34.000,44.0332364,15.4692579,243.1262073,0.0174504,232.9937073,231.0937271,35.4965439,1512.5878745,53832.8086694,27.2795312
2017-04-11 11:26:45.000,44.0171893,15.4552379,243.9051108,0.0240526,233.7726108,231.8662790,35.4943806,1512.5545269,53830.8133509,27.2845023
2017-04-11 11:26:56.000,43.9872952,15.4288028,244.5594737,0.0189111,234.4269737,232.5153058,35.4909493,1512.4788587,53827.4918027,27.2907809
2017-04-11 11:27:07.000,43.9507051,15.3973363,245.2776866,0.0271492,235.1451866,233.2276619,35.4859681,1512.3866634,53822.3004097,27.2972894
2017-04-11 11:27:18.000,43.9222555,15.3765573,245.7486306,0.0307133,235.6161306,233.6947655,35.4787931,1512.3211630,53813.6153752,27.2985788
2017-04-11 11:27:29.000,43.8928146,15.3472208,246.6729373,0.0330503,236.5404373,234.6115348,35.4782558,1512.2440778,53814.4887805,27.3089153
2017-04-11 11:27:40.000,43.8620166,15.3215365,247.3558200,0.0356211,237.2233200,235.2888488,35.4732805,1512.1691969,53809.0930679,27.3139365
2017-04-11 11:27:51.000,43.8487818,15.3074266,247.7758487,0.0349784,237.6433487,235.7054524,35.4738643,1512.1326392,53810.6474307,27.3194423
2017-04-11 11:28:02.000,43.8330920,15.2954701,248.3162165,0.0329919,238.1837165,236.2414136,35.4702276,1512.0998979,53806.4725350,27.3217412
2017-04-11 11:28:13.000,43.8024633,15.2673227,248.8507388,0.0271492,238.7182388,236.7715771,35.4676732,1512.0175370,53804.3824971,27.3285178
2017-04-11 11:28:24.000,43.7822823,15.2505547,249.0539862,0.0425739,238.9214862,236.9731672,35.4644382,1511.9645384,53800.7584674,27.3307254
2017-04-11 11:28:35.000,43.7563146,15.2268690,249.7813520,0.0338099,239.6488520,237.6946015,35.4619896,1511.8993996,53798.7563619,27.3374129
2017-04-11 11:28:46.000,43.5982756,15.0920755,250.7826885,0.0384840,240.6501885,238.6877725,35.4398647,1511.4662565,53774.6664842,27.3552323
2017-04-11 11:28:57.000,43.5505880,15.0599049,251.4249636,0.0332256,241.2924636,239.3248100,35.4253021,1511.3585133,53756.5891002,27.3540951
2017-04-11 11:29:08.000,43.4436981,14.9662164,252.0778077,0.0475986,241.9453077,239.9723304,35.4124353,1511.0584992,53743.3583226,27.3680948
2017-04-11 11:29:19.000,43.4159687,14.9349324,252.4225539,0.0253964,242.2900539,240.3142653,35.4153378,1510.9686567,53748.7852032,27.3788537
2017-04-11 11:29:30.000,43.4035517,14.9251695,252.6405359,0.0380166,242.5080359,240.5304697,35.4127595,1510.9383655,53745.8202971,27.3800144
2017-04-11 11:29:41.000,43.3977584,14.9199849,252.7351555,0.0469559,242.6026555,240.6243178,35.4121299,1510.9227892,53745.2367896,27.3811065
2017-04-11 11:29:52.000,43.3918337,14.9115516,252.8825950,0.0406458,242.7500950,240.7705550,35.4143059,1510.9010762,53748.6214025,27.3853179
2017-04-11 11:30:03.000,43.3755871,14.9034498,252.9060380,0.0383672,242.7735380,240.7938068,35.4067954,1510.8670445,53738.7976876,27.3814489
2017-04-11 11:30:14.000,43.3849585,14.9094309,252.7772243,0.0330503,242.6447243,240.6660435,35.4099883,1510.8875760,53742.8017451,27.3820022
2017-04-11 11:30:25.000,43.3771605,14.9041817,252.6748008,0.0390683,242.5423008,240.5644552,35.4076635,1510.8665448,53739.8162511,27.3809329
2017-04-11 11:30:36.000,43.3705940,14.9010584,252.7436174,0.0438009,242.6111174,240.6327107,35.4044659,1510.8540613,53735.6524136,27.3794723
2017-04-11 11:30:47.000,43.3504834,14.8824753,253.0652681,0.0443267,242.9327681,240.9517384,35.4028061,1510.7985886,53734.3660286,27.3837640
2017-04-11 11:30:58.000,43.3422507,14.8761344,253.3588562,0.0398863,243.2263562,241.2429324,35.4009107,1510.7811474,53732.2277144,27.3850159
2017-04-11 11:31:09.000,43.3420570,14.8761294,253.7192081,0.0436840,243.5867081,241.6003458,35.4005919,1510.7867291,53731.9938933,27.3863626
2017-04-11 11:31:20.000,43.3247133,14.8589177,254.0091901,0.0285515,243.8766901,241.8879631,35.4002266,1510.7365522,53732.3911175,27.3912014
2017-04-11 11:31:31.000,43.3143285,14.8514754,254.0971588,0.0268571,243.9646588,241.9752144,35.3974425,1510.7111609,53728.9838615,27.3911054
2017-04-11 11:31:42.000,43.3022662,14.8415829,254.1436246,0.0473649,244.0111246,242.0213013,35.3953626,1510.6781286,53726.6136552,27.3919138
2017-04-11 11:31:53.000,43.2822016,14.8266553,254.1534956,0.0560705,244.0209956,242.0310919,35.3905397,1510.6253017,53720.7227134,27.3915688
2017-04-11 11:32:04.000,43.2659882,14.8095949,254.2310747,0.0442683,244.0985747,242.1080383,35.3911490,1510.5731533,53722.3265630,27.3961788
2017-04-11 11:32:15.000,43.2607850,14.8052712,254.3296351,0.0328751,244.1971351,242.2057950,35.3902687,1510.5600316,53721.3744573,27.3968983
2017-04-11 11:32:26.000,43.2490715,14.7969900,254.4519863,0.0412301,244.3194863,242.3271485,35.3870076,1510.5319538,53717.3796676,27.3967695
2017-04-11 11:32:37.000,43.2430188,14.7908784,254.5856092,0.0405874,244.4531092,242.4596817,35.3869575,1510.5146996,53717.6503055,27.3986803
2017-04-11 11:32:48.000,43.2433691,14.7923261,254.6017811,0.0341020,244.4692811,242.4757217,35.3859571,1510.5183964,53716.2402771,27.3976593
2017-04-11 11:32:59.000,43.2325979,14.7846818,254.6555837,0.0424571,244.5230837,242.5290856,35.3830067,1510.4915598,53712.6021484,27.3973244
2017-04-11 11:33:10.000,43.2256803,14.7783503,254.7250056,0.0459042,244.5925056,242.5979414,35.3823885,1510.4718731,53712.0776491,27.3985623
2017-04-11 11:33:21.000,43.2301247,14.7816864,254.7239649,0.0387762,244.5914649,242.5969091,35.3834327,1510.4836746,53713.3474870,27.3986204
2017-04-11 11:33:32.000,43.2336645,14.7830338,254.7508620,0.0411132,244.6183620,242.6235869,35.3854422,1510.4907492,53716.0279211,27.3999874
2017-04-11 11:33:43.000,43.2333888,14.7836049,254.7205269,0.0381335,244.5880269,242.5934992,35.3846833,1510.4911738,53714.9575308,27.3991419
2017-04-11 11:33:54.000,43.2265662,14.7779696,254.6856392,0.0386009,244.5531392,242.5588960,35.3835623,1510.4713834,53713.6638359,27.3993771
2017-04-11 11:34:05.000,43.2209792,14.7720341,254.6371489,0.0394189,244.5046489,242.5108011,35.3838520,1510.4520594,53714.2883008,27.4007051
2017-04-11 11:34:16.000,43.2057096,14.7617013,254.6506175,0.0443267,244.5181175,242.5241599,35.3792327,1510.4140457,53708.4844885,27.3995023
2017-04-11 11:34:27.000,43.2023895,14.7583808,254.6638442,0.0393020,244.5313442,242.5372787,35.3791994,1510.4036711,53708.5917676,27.4002725
2017-04-11 11:34:38.000,43.1969309,14.7507283,254.6270276,0.0310054,244.4945276,242.5007623,35.3811608,1510.3810262,53711.5654561,27.4033198
2017-04-11 11:34:49.000,43.1820301,14.7427407,254.6569928,0.0352706,244.5244928,242.5304832,35.3747384,1510.3486163,53703.2251359,27.4002783
2017-04-11 11:35:00.000,43.1813094,14.7401517,254.6943396,0.0269740,244.5618396,242.5675254,35.3764144,1510.3429608,53705.6316337,27.4023088
2017-04-11 11:35:11.000,43.1799807,14.7386694,254.7254119,0.0245785,244.5929119,242.5983444,35.3765296,1510.3388961,53705.8701347,27.4028637
2017-04-11 11:35:22.000,43.1776743,14.7379083,254.7828301,0.0341020,244.6503301,242.6552944,35.3750820,1510.3357339,53703.9725363,27.4021712
2017-04-11 11:35:33.000,43.1783574,14.7373274,254.7407285,0.0364391,244.6082285,242.6135360,35.3762536,1510.3345589,53705.5633552,27.4030166
2017-04-11 11:35:44.000,43.1778423,14.7366163,254.6891765,0.0523896,244.5566765,242.5624045,35.3764481,1510.3316708,53705.8299013,27.4030964
2017-04-11 11:35:55.000,43.1789478,14.7372322,254.7250886,0.0393604,244.5925886,242.5980237,35.3768881,1510.3347389,53706.4190930,27.4034573
2017-04-11 11:36:06.000,43.1776008,14.7363759,254.7552836,0.0293110,244.6227836,242.6279724,35.3764181,1510.3319662,53705.8362347,27.4034187
2017-04-11 11:36:17.000,43.1758850,14.7352743,254.7862731,0.0334593,244.6537731,242.6587092,35.3758324,1510.3282907,53705.1076244,27.4033488
2017-04-11 11:36:28.000,43.1728407,14.7326904,254.8411266,0.0371402,244.7086266,242.7131154,35.3753648,1510.3204340,53704.6176110,27.4038042
2017-04-11 11:36:39.000,43.1716953,14.7312032,254.9130438,0.0369065,244.7805438,242.7844462,35.3756361,1510.3172117,53705.0904618,27.4046608
2017-04-11 11:36:50.000,43.1698490,14.7292303,254.9880459,0.0363807,244.8555459,242.8588367,35.3757044,1510.3122579,53705.3112584,27.4054823
2017-04-11 11:37:01.000,43.1680410,14.7280486,255.0178737,0.0582323,244.8853737,242.8884213,35.3751071,1510.3082943,53704.5700007,27.4054161
2017-04-11 11:37:12.000,43.1659188,14.7262560,255.0701208,0.0527402,244.9376208,242.9402423,35.3747675,1510.3030598,53704.2173881,27.4057829
2017-04-11 11:37:23.000,43.1635757,14.7240779,255.1061615,0.0496436,244.9736615,242.9759891,35.3745821,1510.2965103,53704.0818815,27.4062824
2017-04-11 11:37:34.000,43.1591297,14.7198369,255.1614929,0.0303627,245.0289929,243.0308693,35.3743336,1510.2836423,53703.9625499,27.4072758
2017-04-11 11:37:45.000,43.1538542,14.7160117,255.2077650,0.0343357,245.0752650,243.0767641,35.3729495,1510.2706178,53702.2804692,27.4072622
2017-04-11 11:37:56.000,43.1511796,14.7132028,255.2216563,0.0445604,245.0891563,243.0905421,35.3730418,1510.2620170,53702.5374082,27.4080173
2017-04-11 11:38:07.000,43.1485242,14.7111401,255.2162050,0.0414054,245.0837050,243.0851352,35.3724814,1510.2547064,53701.8657822,27.4080188
2017-04-11 11:38:18.000,43.1420489,14.7060784,255.3036630,0.0377245,245.1711630,243.1718800,35.3711022,1510.2384315,53700.2681503,27.4084645
2017-04-11 11:38:29.000,43.1389110,14.7067793,255.4419990,0.0458458,245.3094990,243.3090879,35.3675282,1510.2387744,53695.4675633,27.4061673
2017-04-11 11:38:40.000,43.1385407,14.7029093,255.4640299,0.0432166,245.3315299,243.3309392,35.3706968,1510.2305256,53699.9473267,27.4095630
2017-04-11 11:38:51.000,43.1276767,14.6922210,255.5142007,0.0461380,245.3817007,243.3807008,35.3704171,1510.1969998,53700.0701373,27.4119369
2017-04-11 11:39:02.000,43.1200388,14.6855081,255.6240598,0.0452615,245.4915598,243.4896641,35.3694610,1510.1763235,53699.1328735,27.4131722
2017-04-11 11:39:13.000,43.1223594,14.6874754,255.7416744,0.0465469,245.6091744,243.6063196,35.3697558,1510.1848818,53699.5100503,27.4134834
2017-04-11 11:39:24.000,43.1183714,14.6834657,255.9117724,0.0416391,245.7792724,243.7750305,35.3696693,1510.1748279,53699.6651180,27.4150561
2017-04-11 11:39:35.000,43.1182410,14.6852778,255.9809183,0.0435087,245.8484183,243.8436126,35.3678739,1510.1796446,53697.1881286,27.4135773
2017-04-11 11:39:46.000,43.1142378,14.6829351,256.0426319,0.0394189,245.9101319,243.9048229,35.3663017,1510.1713665,53695.1947909,27.4131575
2017-04-11 11:39:57.000,43.1178140,14.6838412,256.0807587,0.0377245,245.9482587,243.9426388,35.3687472,1510.1777441,53698.4913563,27.4150092
2017-04-11 11:40:08.000,43.1225962,14.6880511,255.8590624,0.0358548,245.7265624,243.7227503,35.3694021,1510.1882458,53699.0696664,27.4136021
2017-04-11 11:40:19.000,43.1440167,14.6990444,255.4297994,0.0436256,245.2972994,243.2969878,35.3792523,1510.2276601,53711.6997197,27.4168585
2017-04-11 11:40:30.000,43.1524597,14.7134131,254.9196409,0.0422818,244.7871409,242.7909895,35.3741486,1510.2589779,53703.8620785,27.4074890
2017-04-11 11:40:41.000,43.1570475,14.7151955,254.3533411,0.0389515,244.2208411,242.2293077,35.3769700,1510.2585693,53707.2961090,27.4067654
2017-04-11 11:40:52.000,43.1630939,14.7232517,253.7691863,0.0345694,243.6366863,241.6499165,35.3754346,1510.2727328,53704.5367604,27.4012159
2017-04-11 11:41:03.000,43.1752424,14.7326053,253.2305452,0.0415222,243.0980452,241.1156677,35.3783010,1510.2969180,53707.7139073,27.3989698
2017-04-11 11:41:14.000,43.1861183,14.7443582,252.7321893,0.0230009,242.5996893,240.6213758,35.3778016,1510.3254578,53706.2459334,27.3937760
2017-04-11 11:41:25.000,43.1971775,14.7524411,252.2405929,0.0376076,242.1080929,240.1337882,35.3808012,1510.3465210,53709.6874155,27.3921208
2017-04-11 11:41:36.000,43.2154850,14.7684328,251.7455294,0.0467806,241.6130294,239.6427617,35.3832616,1510.3920264,53712.0516687,27.3882780
2017-04-11 11:41:47.000,43.2495972,14.7925916,251.2032110,0.0284346,241.0707110,239.1048658,35.3928040,1510.4709424,53723.6383510,27.3878631
2017-04-11 11:41:58.000,43.2693440,14.8148806,250.7269073,0.0502863,240.5944073,238.6324462,35.3908462,1510.5315291,53719.7592812,27.3792934
2017-04-11 11:42:09.000,43.3170849,14.8540964,250.2240154,0.0441514,240.0915154,238.1336551,35.3991576,1510.6573115,53729.0664599,27.3747388
2017-04-11 11:42:20.000,43.3263184,14.8631779,249.7541445,0.0305380,239.6216445,237.6676158,35.3995552,1510.6787824,53728.9598213,27.3709454
2017-04-11 11:42:31.000,43.3713285,14.8961254,249.2667204,0.0590503,239.1342204,237.1841665,35.4110228,1510.7884918,53742.8363641,27.3702719
2017-04-11 11:42:42.000,43.3982317,14.9204813,248.7212859,0.0541424,238.5887859,236.6431799,35.4137388,1510.8597390,53745.1919996,27.3645140
2017-04-11 11:42:53.000,43.4085733,14.9297174,248.1891692,0.0477155,238.0566692,236.1154024,35.4150263,1510.8816553,53746.2573155,27.3610914
2017-04-11 11:43:04.000,43.4187294,14.9388438,247.6978220,0.0502278,237.5653220,235.6280619,35.4162263,1510.9037905,53747.2320092,27.3578053
2017-04-11 11:43:15.000,43.4775715,14.9823627,247.1921120,0.0416975,237.0596120,235.1264758,35.4306947,1511.0498872,53764.7507003,27.3569700
2017-04-11 11:43:26.000,43.5985646,15.0820054,246.6859913,0.0452031,236.5534913,234.6244823,35.4509029,1511.3795063,53787.7832152,27.3479195
2017-04-11 11:43:37.000,43.6517658,15.1268398,246.1541077,0.0473065,236.0216077,234.0969361,35.4589412,1511.5212731,53796.5834858,27.3416630
2017-04-11 11:43:48.000,43.7463164,15.2097544,245.5756294,0.0332256,235.4431294,233.5231750,35.4700837,1511.7853783,53808.0898072,27.3289655
2017-04-11 11:43:59.000,43.7805412,15.2372213,245.0114676,0.0511042,234.8789676,232.9636138,35.4765418,1511.8697876,53815.4602610,27.3252315
2017-04-11 11:44:10.000,43.8072050,15.2661163,244.5129614,0.0431582,234.3804614,232.4691727,35.4748103,1511.9501678,53811.7299831,27.3151552
2017-04-11 11:44:21.000,43.8291658,15.2865512,243.9792583,0.0554862,233.8467583,231.9398218,35.4764714,1512.0073282,53812.9059000,27.3094464
2017-04-11 11:44:32.000,43.8502793,15.3078088,243.4223206,0.0421065,233.2898206,231.3874257,35.4766263,1512.0648940,53812.0031299,27.3022860
2017-04-11 11:44:43.000,43.8678688,15.3219941,242.8808997,0.0528570,232.7483997,230.8504200,35.4799679,1512.1042405,53815.6953673,27.2992485
2017-04-11 11:44:54.000,43.8861595,15.3360000,242.3204643,0.0519222,232.1879643,230.2945547,35.4841111,1512.1436246,53820.4713200,27.2967829
2017-04-11 11:45:05.000,43.9121403,15.3587192,241.7931020,0.0435672,231.6606020,229.7714929,35.4873307,1512.2097297,53823.6902071,27.2917693
2017-04-11 11:45:16.000,43.9901305,15.4274037,241.2111026,0.0524480,231.0786026,229.1942394,35.4961176,1512.4249928,53832.7217930,27.2803182
2017-04-11 11:45:27.000,44.0341303,15.4673902,240.6762399,0.0510458,230.5437399,228.6637383,35.5000175,1512.5454706,53836.2495594,27.2718331
2017-04-11 11:45:38.000,44.0665668,15.4972019,240.1374637,0.0407627,230.0049637,228.1293557,35.5026387,1512.6325518,53838.4267179,27.2646607
2017-04-11 11:45:49.000,44.0835464,15.5126819,239.6713256,0.0456121,229.5388256,227.6670188,35.5041942,1512.6748766,53839.7228817,27.2602616
2017-04-11 11:46:00.000,44.0884933,15.5173303,239.5128124,0.0391852,229.3803124,227.5097981,35.5045312,1512.6871237,53839.9265096,27.2587585
2017-04-11 11:46:11.000,44.0870818,15.5150337,239.8754854,0.0564795,229.7429854,227.8695137,35.5051826,1512.6867371,53841.0868249,27.2613830
2017-04-11 11:46:22.000,44.0732222,15.5040805,240.2356812,0.0525065,230.1031812,228.2267722,35.5024051,1512.6553494,53837.9161084,27.2633404
2017-04-11 11:46:33.000,44.0696365,15.4992211,240.5158478,0.0502278,230.3833478,228.5046541,35.5034376,1512.6460466,53839.6402308,27.2664805
2017-04-11 11:46:44.000,44.0631190,15.4930174,240.7882871,0.0550773,230.6557871,228.7748718,35.5030386,1512.6307604,53839.4715209,27.2687930
2017-04-11 11:46:55.000,44.0514004,15.4848202,241.0963183,0.0415222,230.9638183,229.0803911,35.4997266,1512.6064608,53835.4519021,27.2694774
2017-04-11 11:47:06.000,44.0406024,15.4754051,241.4450538,0.0514548,231.3125538,229.4262828,35.4983264,1512.5812522,53834.0866266,27.2720892
2017-04-11 11:47:17.000,44.0260984,15.4649133,241.7773852,0.0343942,231.6448852,229.7559041,35.4945550,1512.5496502,53829.5431091,27.2730502
2017-04-11 11:47:28.000,44.0208902,15.4603071,242.0547462,0.0449694,231.9222462,230.0310034,35.4938935,1512.5391070,53828.9656537,27.2748158
2017-04-11 11:47:39.000,44.0078861,15.4495095,242.1427174,0.0441514,232.0102174,230.1182572,35.4918480,1512.5044913,53826.6383746,27.2760958
2017-04-11 11:47:50.000,44.0172697,15.4523183,242.2283960,0.0389515,232.0958960,230.2032372,35.4977588,1512.5215462,53834.5830443,27.2803782
2017-04-11 11:48:01.000,43.9654626,15.4137605,242.3795693,0.0402368,232.2470693,230.3531777,35.4856561,1512.3895865,53819.6970276,27.2805325
2017-04-11 11:48:12.000,43.9300455,15.3775786,242.6165242,0.0549604,232.4840242,230.5882003,35.4861782,1512.2810279,53821.8734197,27.2902210
2017-04-11 11:48:23.000,43.8768977,15.3308903,243.1906419,0.0432166,233.0581419,231.1576363,35.4799871,1512.1372536,53815.5539524,27.2986078
2017-04-11 11:48:34.000,43.8613164,15.3183182,243.8042302,0.0439762,233.6717302,231.7662210,35.4769804,1512.1045561,53812.2920921,27.3018559
2017-04-11 11:48:45.000,43.8642852,15.3077635,244.3931953,0.0501694,234.2606953,232.3503833,35.4889716,1512.0952059,53829.2480336,27.3160748
2017-04-11 11:48:56.000,43.8716569,15.3129829,244.5833818,0.0463717,234.4508818,232.5390189,35.4908590,1512.1169039,53831.7086964,27.3171802
2017-04-11 11:49:07.000,43.8740753,15.3161659,244.4985515,0.0449110,234.3660515,232.4548803,35.4902081,1512.1247106,53830.6605527,27.3155825
2017-04-11 11:49:18.000,43.8778376,15.3187959,244.4924748,0.0487672,234.3599748,232.4488532,35.4912431,1512.1340509,53831.9588395,27.3157546
2017-04-11 11:49:29.000,43.8704255,15.3138327,244.4387891,0.0584660,234.3062891,232.3956053,35.4890332,1512.1150451,53829.1257339,27.3149450
2017-04-11 11:49:40.000,43.8642110,15.3078742,244.4143477,0.0540840,234.2818477,232.3713632,35.4887958,1512.0956985,53829.0173064,27.3160077
2017-04-11 11:49:51.000,43.8609123,15.3054305,244.3226210,0.0521559,234.1901210,232.2803845,35.4880514,1512.0856564,53828.0524223,27.3155854
2017-04-11 11:50:02.000,43.8577406,15.3007795,244.2896913,0.0469559,234.1571913,232.2477234,35.4893936,1512.0720999,53830.0284943,27.3175286
2017-04-11 11:50:13.000,43.8575011,15.3013427,244.2862733,0.0529739,234.1537733,232.2443332,35.4886688,1512.0729645,53829.0239601,27.3168281
2017-04-11 11:50:24.000,43.8596592,15.3034343,244.2768400,0.0400031,234.1443400,232.2349768,35.4887382,1512.0794426,53829.0332404,27.3163651
2017-04-11 11:50:35.000,43.8606547,15.3039271,244.2872275,0.0617963,234.1547275,232.2452797,35.4891911,1512.0816855,53829.6332696,27.3166474
2017-04-11 11:50:46.000,43.8596594,15.3037259,244.2728631,0.0510458,234.1403631,232.2310324,35.4884764,1512.0799858,53828.6654782,27.3160799
2017-04-11 11:50:57.000,43.8555659,15.3024237,244.2661650,0.0449110,234.1336650,232.2243889,35.4859455,1512.0728499,53825.2847159,27.3143988
2017-04-11 11:51:08.000,43.8459223,15.2909754,244.1711476,0.0617963,234.0386476,232.1301463,35.4875892,1512.0373121,53827.8946232,27.3178426
2017-04-11 11:51:19.000,43.8440974,15.2892057,244.1342143,0.0393020,234.0017143,232.0935141,35.4875492,1512.0311068,53827.8879657,27.3180506
2017-04-11 11:51:30.000,43.8396713,15.2859630,244.1390145,0.0532660,234.0065145,232.0982753,35.4864653,1512.0197611,53826.5468663,27.3179734
2017-04-11 11:51:41.000,43.8390446,15.2866920,244.1367213,0.0521559,234.0042213,232.0960007,35.4852389,1512.0205811,53824.8573084,27.3168544
2017-04-11 11:51:52.000,43.8460346,15.2915284,244.1104604,0.0650098,233.9779604,232.0699540,35.4872155,1512.0376048,53827.3345532,27.3171621
2017-04-11 11:52:03.000,43.8502768,15.2953645,244.0941305,0.0511042,233.9616305,232.0537573,35.4876006,1512.0498044,53827.7007224,27.3165159
2017-04-11 11:52:14.000,43.8445236,15.2907240,244.0671847,0.0378998,233.9346847,232.0270312,35.4865901,1512.0336386,53826.4948445,27.3166726
2017-04-11 11:52:25.000,43.8448565,15.2908044,244.0309370,0.0493514,233.8984370,231.9910790,35.4868337,1512.0335735,53826.8019606,27.3166820
2017-04-11 11:52:36.000,43.8396204,15.2855407,243.9654529,0.0489424,233.8329529,231.9261290,35.4868708,1512.0160327,53827.0174928,27.3176159
2017-04-11 11:52:47.000,43.8397320,15.2858423,243.9323673,0.0368481,233.7998673,231.8933131,35.4867126,1512.0162457,53826.7737225,27.3172799
2017-04-11 11:52:58.000,43.8437535,15.2913223,243.9106164,0.0488256,233.7781164,231.8717396,35.4854139,1512.0315503,53824.7942751,27.3149415
2017-04-11 11:53:09.000,43.8341275,15.2842838,243.8862942,0.0430998,233.7537942,231.8476158,35.4830577,1512.0063440,53821.8596524,27.3146182
2017-04-11 11:53:20.000,43.8468360,15.2948567,243.8193815,0.0414054,233.6868815,231.7812487,35.4850505,1512.0406923,53824.1177694,27.3134577
2017-04-11 11:53:31.000,43.8386283,15.2875315,243.8501315,0.0456121,233.7176315,231.8117480,35.4842177,1512.0172746,53823.2864330,27.3146145
2017-04-11 11:53:42.000,43.8210345,15.2732342,243.8488268,0.0512211,233.7163268,231.8104539,35.4811875,1511.9689041,53819.7299474,27.3155198
2017-04-11 11:53:53.000,43.8194674,15.2705599,243.8187055,0.0385425,233.6862055,231.7805783,35.4821961,1511.9611926,53821.1816273,27.3167693
2017-04-11 11:54:04.000,43.8171633,15.2669306,243.7573941,0.0474233,233.6248941,231.7197669,35.4834123,1511.9502104,53822.9342090,27.3182574
2017-04-11 11:54:15.000,43.8212599,15.2719021,243.6784209,0.0404121,233.5459209,231.6414376,35.4826650,1511.9636221,53821.6886552,27.3162072
2017-04-11 11:54:26.000,43.8289147,15.2768185,243.6183685,0.0398863,233.4858685,231.5818749,35.4851872,1511.9809774,53824.8825303,27.3167683
2017-04-11 11:54:37.000,43.8333960,15.2813278,243.6283848,0.0343942,233.4958848,231.5918096,35.4851706,1511.9952614,53824.6928673,27.3157771
2017-04-11 11:54:48.000,43.8258708,15.2760745,243.6687161,0.0469559,233.5362161,231.6318120,35.4830788,1511.9770256,53822.0837669,27.3155368
2017-04-11 11:54:59.000,43.8189901,15.2703086,243.7372331,0.0568301,233.6047331,231.6997702,35.4820231,1511.9588529,53820.9127083,27.3163340
2017-04-11 11:55:10.000,43.8259269,15.2739983,243.6177788,0.0496436,233.4852788,231.5812901,35.4850274,1511.9719393,53824.7739088,27.3172823
2017-04-11 11:55:21.000,43.8265732,15.2761800,243.6059638,0.0436256,233.4734638,231.5695714,35.4836457,1511.9769762,53822.8130148,27.3156723
2017-04-11 11:55:32.000,43.8185512,15.2694641,243.5915690,0.0484166,233.4590690,231.5552940,35.4824472,1511.9542840,53821.4399150,27.3162094
2017-04-11 11:55:43.000,43.8027631,15.2574708,243.6604638,0.0584660,233.5279638,231.6236269,35.4789404,1511.9137282,53817.1900757,27.3165330
2017-04-11 11:55:54.000,43.7961461,15.2487554,243.4861002,0.0506368,233.3536002,231.4506852,35.4808878,1511.8857625,53820.0676157,27.3192368
2017-04-11 11:56:05.000,43.8932567,15.3343001,242.3648830,0.0509289,232.2323830,230.3386111,35.4920582,1512.1482825,53831.3184422,27.3034789
2017-04-11 11:56:16.000,43.8955827,15.3450228,241.6616230,0.0581739,231.5291230,229.6410860,35.4847605,1512.1617028,53820.6527494,27.2923270
2017-04-11 11:56:27.000,43.9009928,15.3497910,241.4164520,0.0364975,231.2839520,229.3979143,35.4854518,1512.1733654,53821.2762080,27.2906938
2017-04-11 11:56:38.000,43.9005124,15.3504951,241.4632338,0.0484166,231.3307338,229.4443146,35.4843619,1512.1750769,53819.7997592,27.2899015
2017-04-11 11:56:49.000,43.8932569,15.3450379,241.7607648,0.0396526,231.6282648,229.7394194,35.4826006,1512.1608813,53817.7820106,27.2910990
2017-04-11 11:57:00.000,43.8884349,15.3397921,242.0713384,0.0528570,231.9388384,230.0474603,35.4828468,1512.1498958,53818.4813943,27.2938501
2017-04-11 11:57:11.000,43.8895681,15.3378407,242.4320298,0.0575896,232.2995298,230.4052104,35.4854910,1512.1528410,53822.3309035,27.2979180
2017-04-11 11:57:22.000,43.8769597,15.3263642,242.8928298,0.0571222,232.7603298,230.8622527,35.4842518,1512.1231062,53821.3366851,27.3016041
2017-04-11 11:57:33.000,43.8345528,15.2857016,243.1532445,0.0435087,233.0207445,231.1205438,35.4824567,1511.9979394,53820.5923962,27.3106019
2017-04-11 11:57:44.000,43.7969797,15.2552894,243.4019101,0.0384840,233.2694101,231.3671816,35.4757692,1511.8989090,53812.8391665,27.3134470
2017-04-11 11:57:55.000,43.7880101,15.2460917,243.6429943,0.0503447,233.5104943,231.6062999,35.4758496,1511.8741400,53813.4339099,27.3166553
2017-04-11 11:58:06.000,43.7732154,15.2376082,243.8339045,0.0439177,233.7014045,231.7956533,35.4700159,1511.8438900,53805.9664188,27.3149293
2017-04-11 11:58:17.000,43.7685283,15.2289846,243.8917256,0.0488256,233.7592256,231.8530029,35.4735370,1511.8218779,53811.0998477,27.3198456
2017-04-11 11:58:28.000,43.7680052,15.2257384,243.4197080,0.0470728,233.2872080,231.3848345,35.4761887,1511.8069510,53814.5589798,27.3205390
2017-04-11 11:58:39.000,43.8821015,15.3308098,242.3298396,0.0598683,232.1973396,230.3038535,35.4851200,1512.1287047,53822.0379373,27.2987798
2017-04-11 11:58:50.000,43.9886103,15.4149733,240.7047601,0.0463132,230.5722601,228.6920260,35.5061664,1512.3894534,53846.5061191,27.2886504
2017-04-11 11:59:01.000,44.0586725,15.4849864,238.7256999,0.0408795,228.5931999,226.7291043,35.5070928,1512.5762377,53844.1303385,27.2646582
2017-04-11 11:59:12.000,44.1362311,15.5492087,236.3087123,0.0643087,226.1762123,224.3318263,35.5201390,1512.7514064,53858.1766118,27.2493433
2017-04-11 11:59:23.000,44.2057750,15.6096077,233.6359773,0.0463132,223.5034773,221.6808865,35.5294524,1512.9057675,53867.2086260,27.2308748
2017-04-11 11:59:34.000,44.5819619,15.9145385,230.8688125,0.0574728,220.7363125,218.9362870,35.5939488,1513.8784665,53942.7769232,27.1978150
2017-04-11 11:59:45.000,44.7341332,16.0507776,228.1414622,0.0438593,218.0089622,216.2311772,35.6087084,1514.2695336,53957.0134215,27.1654089
2017-04-11 11:59:56.000,44.9336845,16.2220962,225.3636555,0.0605109,215.2311555,213.4760225,35.6340170,1514.7777223,53984.6390635,27.1324798
2017-04-11 12:00:07.000,45.0152175,16.3027422,222.8313666,0.0572390,212.6988666,210.9643835,35.6352786,1514.9834945,53982.6944007,27.1033280
2017-04-11 12:00:18.000,45.0351027,16.3200481,222.0071603,0.0367897,211.8746603,210.1468983,35.6377739,1515.0254897,53985.1417904,27.0975393
2017-04-11 12:00:29.000,45.0380463,16.3239771,221.6074472,0.0445020,211.4749472,209.7504448,35.6370299,1515.0299814,53983.8142071,27.0942842
2017-04-11 12:00:40.000,45.0350237,16.3247984,221.5657925,0.0472481,211.4332925,209.7091297,35.6336305,1515.0278740,53979.1763007,27.0912974
2017-04-11 12:00:51.000,45.0315683,16.3199975,221.7945502,0.0457874,211.6620502,209.9360220,35.6347670,1515.0183392,53980.9675259,27.0943081
2017-04-11 12:01:02.000,45.0295618,16.3159926,222.3126218,0.0543177,212.1801218,210.4498689,35.6363635,1515.0165619,53983.5123054,27.0987558
2017-04-11 12:01:13.000,45.0278318,16.3152981,222.1879836,0.0383672,212.0554836,210.3262471,35.6354985,1515.0113778,53982.2966934,27.0977076
2017-04-11 12:01:24.000,45.0341546,16.3180153,221.5914102,0.0577065,211.4589102,209.7345386,35.6389142,1515.0137069,53986.5179853,27.0970672
2017-04-11 12:01:35.000,45.2185384,16.4588327,219.6741367,0.0617379,209.5416367,207.8328998,35.6771758,1515.4546707,54033.3367899,27.0847034
2017-04-11 12:01:46.000,45.5728963,16.7384342,216.9095487,0.0575312,206.7770487,205.0908560,35.7413857,1516.3290281,54111.4638521,27.0551645
2017-04-11 12:01:57.000,45.8100876,16.9466058,214.4348624,0.0654772,204.3023624,202.6363499,35.7652321,1516.9413661,54137.5101656,27.0125072
2017-04-11 12:02:08.000,46.2709897,17.3306977,212.0379358,0.0552525,201.9054358,200.2589694,35.8273950,1518.1187678,54212.1905910,26.9562310
2017-04-11 12:02:19.000,46.3359627,17.3854605,209.4649511,0.0592256,199.3324511,197.7069664,35.8363236,1518.2486716,54221.8664575,26.9383773
2017-04-11 12:02:30.000,46.4398340,17.4659741,206.7743411,0.0621469,196.6418411,195.0382974,35.8561939,1518.4650592,54245.7987217,26.9220339
2017-04-11 12:02:41.000,46.8527991,17.7960397,203.9135318,0.0770457,193.7810318,192.2008170,35.9223843,1519.4648574,54328.1103378,26.8785092
2017-04-11 12:02:52.000,47.0889121,17.9999617,201.3186203,0.1008254,191.1861203,189.6270660,35.9465248,1520.0453128,54356.4029463,26.8346942
2017-04-11 12:03:03.000,47.2255312,18.0788746,198.7107474,0.1070187,188.5782474,187.0404594,35.9950823,1520.2869661,54419.4252900,26.8406403
2017-04-11 12:03:14.000,47.6582610,18.4561677,195.9903863,0.1159580,185.8578863,184.3422818,36.0336950,1521.3774308,54465.7870329,26.7628269
2017-04-11 12:03:25.000,47.8398389,18.5903778,193.2226709,0.1287535,183.0901709,181.5971362,36.0711888,1521.7595870,54513.6000171,26.7451586
2017-04-11 12:03:36.000,47.9437291,18.6872229,191.4984976,0.1267085,181.3659976,179.8870229,36.0750148,1522.0126928,54517.0729608,26.7157492
2017-04-11 12:03:47.000,47.9480148,18.6911255,191.2676226,0.1201063,181.1351226,179.6580306,36.0753121,1522.0203537,54517.3254360,26.7139678
2017-04-11 12:03:58.000,47.9967100,18.7229021,189.7639604,0.1324928,179.6314604,178.1666302,36.0892427,1522.1019648,54535.0582560,26.7098958
2017-04-11 12:04:09.000,48.2970344,18.9588666,186.2655575,0.1329018,176.1330575,174.6967555,36.1375766,1522.7706704,54596.7113501,26.6707158
2017-04-11 12:04:20.000,48.7109817,19.2448837,182.7523733,0.1342456,172.6198733,171.2122201,36.2366048,1523.6329156,54726.6881312,26.6566281
2017-04-11 12:04:31.000,49.4270120,19.8582888,179.2802466,0.1371085,169.1477466,167.7684073,36.3003766,1525.3606781,54809.6899433,26.5282561
2017-04-11 12:04:42.000,49.6792049,20.0441750,175.7433735,0.1181782,165.6108735,164.2603762,36.3488798,1525.8698134,54873.3067846,26.5001750
2017-04-11 12:04:53.000,50.4499004,20.6298933,172.1157069,0.1127445,161.9832069,160.6622919,36.4760180,1527.5528620,55044.4039178,26.4228176
2017-04-11 12:05:04.000,51.2223898,21.2043877,168.5244637,0.1145557,158.3919637,157.1003340,36.6095437,1529.1870763,55226.0696847,26.3506425
2017-04-11 12:05:15.000,51.3522977,21.3452099,165.1795637,0.1163085,155.0470637,153.7827105,36.5947482,1529.4899734,55206.0374943,26.2856988
2017-04-11 12:05:26.000,51.4343143,21.4056755,162.3382997,0.1271175,152.2057997,150.9646160,36.6099174,1529.6199789,55225.6429203,26.2680558
2017-04-11 12:05:37.000,51.5839880,21.5108863,159.9352147,0.1305647,149.8027147,148.5811273,36.6408490,1529.8929403,55267.1022069,26.2517353
2017-04-11 12:05:48.000,51.6969965,21.6014248,157.6113988,0.1372253,147.4788988,146.2762612,36.6548048,1530.1088654,55285.7484227,26.2268827
2017-04-11 12:05:59.000,51.9931669,21.8123251,155.4398592,0.1787668,145.3073592,144.1224297,36.7120032,1530.6908279,55363.9802001,26.2015247
2017-04-11 12:06:10.000,52.2142605,22.0084532,153.3922161,0.2062858,143.2597161,142.0914844,36.7215498,1531.1803568,55378.5078160,26.1443199
2017-04-11 12:06:21.000,52.2787059,22.0545862,151.5995697,0.1854859,141.4670697,140.3134565,36.7340663,1531.2845152,55395.0897763,26.1329577
2017-04-11 12:06:32.000,52.4962889,22.2051303,149.9540634,0.2380700,139.8215634,138.6813687,36.7789536,1531.6979592,55456.6779233,26.1169978
2017-04-11 12:06:43.000,53.3168472,22.8071585,148.3616033,0.2857463,138.2291033,137.1018945,36.9144115,1533.3690614,55647.5485762,26.0393458
2017-04-11 12:06:54.000,53.6516776,23.0788934,146.7934232,0.3230226,136.6609232,135.5465023,36.9466829,1534.0686681,55695.3133129,25.9777385
2017-04-11 12:07:05.000,53.9495475,23.3048721,145.0053133,0.3411349,134.8728133,133.7729739,36.9881855,1534.6542977,55754.7147674,25.9350869
2017-04-11 12:07:16.000,54.1571840,23.4532186,143.1796132,0.4000291,133.0471132,131.9621617,37.0246595,1535.0358567,55805.8866670,25.9110505
2017-04-11 12:07:27.000,54.7101432,23.8815888,141.2265633,0.5422984,131.0940633,130.0250382,37.0914991,1536.1421660,55904.3526462,25.8257607
2017-04-11 12:07:38.000,54.7986141,23.9313956,139.1333925,0.5451613,129.0008925,127.9489364,37.1182576,1536.2593315,55940.3763619,25.8221028
2017-04-11 12:07:49.000,54.9761927,24.0714954,136.7601742,0.6070937,126.6276742,125.5950709,37.1376829,1536.5860430,55968.7673726,25.7845291
2017-04-11 12:08:00.000,55.0676087,24.1474386,134.0028129,0.6385273,123.8703129,122.8601949,37.1449467,1536.7343656,55979.1691794,25.7553018
2017-04-11 12:08:11.000,55.1878421,24.2033014,131.2173865,0.6919878,121.0848865,120.0974826,37.1908070,1536.8744898,56040.6088753,25.7611970
2017-04-11 12:08:22.000,55.3221152,24.3268512,128.3844897,0.8569851,118.2519897,117.2876871,37.1908555,1537.1292886,56042.6637220,25.7116973
2017-04-11 12:08:33.000,55.5278047,24.4873875,125.5414291,0.9275063,115.4089291,114.4678107,37.2141479,1537.4979611,56076.8474311,25.6683925
2017-04-11 12:08:44.000,55.5832890,24.5385582,122.8617730,0.9499422,112.7292730,111.8100061,37.2145014,1537.5777104,56077.5304473,25.6415782
2017-04-11 12:08:55.000,55.6245832,24.5687994,120.2517740,1.0201128,110.1192740,109.2212907,37.2214728,1537.6148724,56086.5078284,25.6264311
2017-04-11 12:09:06.000,55.8034119,24.7121528,117.6212239,1.0627059,107.4887239,106.6121919,37.2383389,1537.9358745,56111.9084992,25.5841393
2017-04-11 12:09:17.000,56.0062449,24.8720119,114.8087109,1.1841168,104.6762109,103.8226139,37.2594594,1538.2966293,56143.4917323,25.5390615
2017-04-11 12:09:28.000,56.0631024,24.9217351,111.9066525,1.2302155,101.7741525,100.9442208,37.2619836,1538.3701098,56147.0342944,25.5132385
2017-04-11 12:09:39.000,56.0878264,24.9374250,108.9359103,1.2064943,98.8034103,97.9977039,37.2685529,1538.3650358,56154.9418431,25.5006308
2017-04-11 12:09:50.000,56.1161037,24.9692768,105.7587885,1.1184451,95.6262885,94.8464904,37.2644910,1538.3837414,56149.0527597,25.4741233
2017-04-11 12:10:01.000,56.3856225,25.1794837,102.3702318,0.8932097,92.2377318,91.4855661,37.2937395,1538.8606426,56192.9851546,25.4168553
2017-04-11 12:10:12.000,56.6263153,25.4038309,98.7085602,0.7072957,88.5760602,87.8537542,37.2895962,1539.3273421,56192.8899926,25.3284434
2017-04-11 12:10:23.000,56.6397845,25.4720942,94.8520885,0.5676556,84.7195885,84.0287306,37.2448290,1539.3758512,56133.6275625,25.2568293
2017-04-11 12:10:34.000,57.0109274,25.7698486,91.0466103,0.4932199,80.9141103,80.2542847,37.2770602,1540.0468066,56184.7802568,25.1718170
2017-04-11 12:10:45.000,57.6466033,26.2710720,87.0082835,0.4640649,76.8757835,76.2488890,37.3369233,1541.2080094,56280.2606290,25.0415631
2017-04-11 12:10:56.000,58.0789759,26.6355759,82.9534124,0.4043527,72.8209124,72.2270840,37.3577648,1541.9984918,56319.5803754,24.9237281
2017-04-11 12:11:07.000,58.4309890,26.9251904,79.0461991,0.3512427,68.9136991,68.3517326,37.3801020,1542.6147155,56358.6185220,24.8308250
2017-04-11 12:11:18.000,59.0346857,27.4489936,75.2668381,0.3274630,65.1343381,64.6031909,37.3944404,1543.7422895,56396.6868671,24.6556343
2017-04-11 12:11:29.000,59.5267651,27.8064871,71.2242504,0.3004698,61.0917504,60.5935690,37.4608987,1544.5366516,56498.2389642,24.5713394
2017-04-11 12:11:40.000,60.5698757,28.6940610,67.0338010,0.2595126,56.9013010,56.4372913,37.4933481,1546.4297183,56577.9311654,24.2831099
2017-04-11 12:11:51.000,60.5572470,28.7148846,63.5818239,0.2393554,53.4493239,53.0134638,37.4691351,1546.3907306,56545.1273356,24.2432008
2017-04-11 12:12:02.000,60.5519621,28.7165387,61.3503969,0.2387127,51.2178969,50.8002333,37.4648223,1546.3521469,56538.5246481,24.2298893
2017-04-11 12:12:13.000,60.5316213,28.7150305,58.2670677,0.2154004,48.1345677,47.7420476,37.4527322,1546.2842498,56521.0522553,24.2081568
2017-04-11 12:12:24.000,60.4850623,28.6947358,54.8085616,0.1977555,44.6760616,44.3117443,37.4372247,1546.1661564,56498.0274086,24.1885516
2017-04-11 12:12:35.000,60.4777735,28.6940185,51.8655039,0.1939578,41.7330039,41.3926862,37.4336000,1546.1112226,56491.9420332,24.1735153
2017-04-11 12:12:46.000,60.4698729,28.6952221,48.0158789,0.1770724,37.8833789,37.5744536,37.4283130,1546.0433847,56483.3491983,24.1527178
2017-04-11 12:12:57.000,60.4223645,28.6867065,45.4203896,0.1632253,35.2878896,35.0001295,37.4025719,1545.9542998,56447.5486376,24.1251409
2017-04-11 12:13:08.000,60.3885176,28.6854119,42.5019966,0.1682500,32.3694966,32.1055349,37.3808009,1545.8794392,56417.2315242,24.0967517
2017-04-11 12:13:19.000,60.3622468,28.6846340,39.6890522,0.1576747,29.5565522,29.3155291,37.3638944,1545.8125822,56393.4711223,24.0722967
2017-04-11 12:13:30.000,60.3380384,28.6878673,37.5096663,0.1447040,27.3771663,27.1539153,37.3450787,1545.7629949,56367.6022409,24.0477644
2017-04-11 12:13:41.000,60.3231831,28.6880253,35.7290433,0.1306815,25.5965433,25.3878127,37.3351082,1545.7228379,56353.5655477,24.0326154
2017-04-11 12:13:52.000,60.2866658,28.6860379,34.2193071,0.1388613,24.0868071,23.8903878,37.3115808,1545.6683721,56321.4485796,24.0091437
2017-04-11 12:14:03.000,60.2566858,28.6806656,33.4537883,0.2945103,23.3212883,23.1311115,37.2950590,1545.6265547,56298.8373693,23.9952494
2017-04-11 12:14:14.000,60.2274968,28.6762782,32.2422380,0.1262995,22.1097380,21.9294411,37.2784527,1545.5792442,56275.9717225,23.9790580
2017-04-11 12:14:25.000,60.2331174,28.6762904,31.3418033,0.1218007,21.2093033,21.0363491,37.2826555,1545.5685225,56281.2113373,23.9783726
2017-04-11 12:14:36.000,60.2287812,28.6758103,30.3782123,0.1302141,20.2457123,20.0806158,37.2802959,1545.5487722,56277.6417754,23.9726466
2017-04-11 12:14:47.000,60.1136952,28.6819965,29.5696641,0.0807850,19.4371641,19.2786610,37.1951610,1545.4588152,56163.9049719,23.9030938
2017-04-11 12:14:58.000,60.1216642,28.6833881,29.0207232,0.1160748,18.8882232,18.7341965,37.1998144,1545.4574504,56169.9554022,23.9037852
2017-04-11 12:15:09.000,60.1694173,28.6800944,28.3181170,0.1008254,18.1856170,18.0373198,37.2360251,1545.4766551,56217.8740462,23.9291235
2017-04-11 12:15:20.000,60.0124685,28.6766914,27.8756433,0.1201063,17.7431433,17.5984543,37.1290307,1545.3492758,56074.6379794,23.8479021
2017-04-11 12:15:31.000,59.9975377,28.6717636,27.1049661,0.1208658,16.9724661,16.8340617,37.1226805,1545.3190223,56065.6174990,23.8414848
2017-04-11 12:15:42.000,60.1010912,28.6829870,26.7296475,0.0866862,16.5971475,16.4618037,37.1864443,1545.4039108,56151.1365128,23.8840853
2017-04-11 12:15:53.000,60.0218432,28.6779979,25.6756992,0.0945153,15.5431992,15.4164500,37.1352437,1545.3215489,56082.0899255,23.8427475
2017-04-11 12:16:04.000,59.9931549,28.6728087,25.3982351,0.0869783,15.2657351,15.1412485,37.1193235,1545.2889730,56060.4762519,23.8313252
2017-04-11 12:16:15.000,59.9753231,28.6679117,25.8013698,0.0831221,15.6688698,15.5410958,37.1105571,1545.2760207,56048.7122013,23.8280904
2017-04-11 12:16:26.000,60.1025493,28.6836008,26.1924836,0.1002996,16.0599836,15.9290202,37.1871491,1545.3969186,56151.8837502,23.8821173
2017-04-11 12:16:37.000,59.9961558,28.6738720,26.5778942,0.0766952,16.4453942,16.3112879,37.1202270,1545.3120863,56062.2165155,23.8366845
2017-04-11 12:16:48.000,59.9638561,28.6669700,25.6760995,0.1012929,15.5435995,15.4168471,37.1033112,1545.2642600,56038.9378458,23.8224209
2017-04-11 12:16:59.000,60.0037153,28.6745343,24.0775172,0.1007670,13.9450172,13.8313006,37.1257672,1545.2772054,56068.6175396,23.8299567
2017-04-11 12:17:10.000,59.9522268,28.6653479,21.8514759,0.0760525,11.7189759,11.6234118,37.0976240,1545.1903386,56029.6920211,23.8023588
2017-04-11 12:17:21.000,59.9142944,28.6529319,20.5919723,0.0709693,10.4594723,10.3741790,37.0811838,1545.1251295,56006.6541783,23.7887668
2017-04-11 12:17:32.000,59.9293018,28.6570804,19.2299138,0.0759940,9.0974138,9.0232277,37.0888596,1545.1191718,56016.5337694,23.7873383
2017-04-11 12:17:43.000,59.9156142,28.6563090,18.2863924,0.0721379,8.1538924,8.0874003,37.0801779,1545.0924750,56004.5111208,23.7770380
2017-04-11 12:17:54.000,59.9085833,28.6513346,16.8173689,0.0757603,6.6848689,6.6303561,37.0796005,1545.0564210,56002.9126505,23.7719937
2017-04-11 12:18:05.000,59.9108834,28.6612049,15.0108654,0.0588750,4.8783654,4.8385840,37.0740517,1545.0413464,55995.1947190,23.7568082
2017-04-11 12:18:16.000,59.9110052,28.6592367,12.6300187,0.0737154,2.4975187,2.4771523,37.0764091,1544.9994763,55997.2759433,23.7490730
2017-04-11 12:18:27.000,59.9266689,28.6746498,11.0840471,0.0821289,0.9515471,0.9437875,37.0757961,1545.0058864,55996.5085318,23.7368590
2017-04-11 12:18:38.000,59.9111424,28.6747166,10.5108601,2.9604085,0.3783601,0.3752747,37.0650623,1544.9850714,55981.9335341,23.7263156
2017-04-11 12:18:49.000,59.9100514,28.6757982,10.6017707,6.7833920,0.4692707,0.4654440,37.0634264,1544.9872044,55979.8335005,23.7251118
2017-04-11 12:19:00.000,59.2468038,28.6727175,10.4539519,6.7742774,0.3214519,0.3188306,36.6025246,1544.4930378,55363.1401279,23.3788910
2017-04-11 12:19:11.000,13.2073425,28.6792983,10.3842684,6.7089562,0.2517684,0.2497153,7.0255192,1513.5533901,12340.1438273,1.2867305
2017-04-11 12:19:22.000,59.9143893,28.6748442,10.4845784,6.7450640,0.3520784,0.3492073,37.0672413,1544.9871962,55984.8399855,23.7277997
2017-04-11 12:19:33.000,0.0011812,28.5614624,10.3785418,6.7329697,0.2460418,0.2440354,0.0130337,1505.7706017,1.1059358,-3.9148404
