11/04/2017 17:30:11 08°45.94483 S  034°46.90963 W  54.21
Time,Conductivity,Temperature,Pressure,Chlorophyll a,Sea pressure,Depth,Salinity,Speed of sound,Specific conductivity,Density anomaly
2017-04-11 17:30:05.000,59.9943101,28.6147072,23.9642589,2.1188288,13.8317589,13.7189658,37.1660764,1545.1891460,56119.7514464,23.8797888
2017-04-11 17:30:20.000,60.1266433,28.6398208,25.5163870,2.1741006,15.3838870,15.2584370,37.2385654,1545.3456232,56218.3137091,23.9325474
2017-04-11 17:30:31.000,60.2943961,28.6745221,27.9032694,2.1271254,17.7707694,17.6258551,37.3280054,1545.5545288,56340.2474555,23.9984015
2017-04-11 17:30:41.000,60.4561903,28.7329002,32.0923602,1.9156204,21.9598602,21.7807854,37.3939772,1545.8197167,56432.6341265,24.0463412
2017-04-11 17:30:52.000,60.3959325,28.6774084,36.2835629,1.6155403,26.1510629,25.9378103,37.3942264,1545.7716314,56432.2180680,24.0830021
2017-04-11 17:31:02.000,60.0018529,28.3874313,39.5676849,1.4698239,29.4351849,29.1951515,37.3454178,1545.1505161,56355.6461098,24.1570911
2017-04-11 17:31:13.000,60.0097647,28.3813961,39.5035392,1.4354105,29.3710392,29.1315289,37.3557764,1545.1472933,56369.1800163,24.1666198
2017-04-11 17:31:23.000,59.9598374,28.3239504,41.0791537,1.3047681,30.9466537,30.6942948,37.3655597,1545.0596498,56380.3900092,24.1998079
2017-04-11 17:31:34.000,59.8061942,28.2038966,41.9317283,1.2403234,31.7992283,31.5399170,37.3519811,1544.7987812,56357.4335003,24.2330686
2017-04-11 17:31:44.000,59.7120643,28.1247213,43.2058164,1.1360900,33.0733164,32.8036153,37.3478318,1544.6432679,56349.0314259,24.2616024
2017-04-11 17:31:55.000,59.6396653,28.0732569,44.0839465,1.1377259,33.9514465,33.6745847,37.3371632,1544.5343740,56332.9649392,24.2743376
2017-04-11 17:32:06.000,59.6486316,28.0677513,43.9315416,1.1445034,33.7990416,33.5234226,37.3479270,1544.5311486,56347.0308937,24.2836091
2017-04-11 17:32:17.000,59.6237117,28.0641133,45.0530163,1.0182431,34.9205163,34.6357520,37.3328218,1544.5261112,56327.1876515,24.2782292
2017-04-11 17:32:28.000,59.4455978,27.9214606,45.6499643,1.0015330,35.5174643,35.2278321,37.3196689,1544.2096591,56303.8487664,24.3179312
2017-04-11 17:32:39.000,59.3523583,27.8469649,45.8143424,0.9936454,35.6818424,35.3908698,37.3126298,1544.0411960,56291.3991636,24.3378457
2017-04-11 17:32:50.000,59.2790462,27.7752869,46.2504477,0.9750073,36.1179477,35.8234187,37.3174024,1543.8956549,56294.9638809,24.3668506
2017-04-11 17:33:01.000,59.2095569,27.7172420,46.6803444,0.9255782,36.5478444,36.2498098,37.3140286,1543.7711725,56288.2356161,24.3851876
2017-04-11 17:33:12.000,59.2068854,27.7138015,47.0889426,0.9199108,36.9564426,36.6550761,37.3147380,1543.7711979,56289.2123940,24.3885959
2017-04-11 17:33:23.000,59.1943799,27.7027126,46.5068505,0.9889129,36.3743505,36.0777307,37.3148496,1543.7370114,56288.6574994,24.3898269
2017-04-11 17:33:34.000,59.1878350,27.6947312,47.4056773,0.9066479,37.2731773,36.9692279,37.3162634,1543.7359900,56290.5938452,24.3973484
2017-04-11 17:33:45.000,59.1637295,27.6763769,47.7864091,0.8603155,37.6539091,37.3468549,37.3135937,1543.6989738,56286.4345581,24.4029775
2017-04-11 17:33:56.000,59.1364673,27.6532824,47.6845186,0.8861401,37.5520186,37.2457953,37.3126027,1543.6450984,56284.1180781,24.4093578
2017-04-11 17:34:07.000,59.1410935,27.6521747,47.7527697,0.8997535,37.6202697,37.3134899,37.3167638,1543.6482046,56289.6545701,24.4131466
2017-04-11 17:34:18.000,59.1625923,27.6796302,47.6443467,0.8931513,37.5118467,37.2059511,37.3102344,1543.7002206,56282.0255635,24.3987744
2017-04-11 17:34:29.000,59.1869774,27.6943021,47.6615303,0.8897626,37.5290303,37.2229946,37.3159134,1543.7389760,56290.2170433,24.3983189
2017-04-11 17:34:40.000,59.1549520,27.6753879,47.7503065,0.8850884,37.6178065,37.3110468,37.3081363,1543.6903954,56279.0953746,24.3990364
2017-04-11 17:34:51.000,59.1484015,27.6599291,47.6916241,0.8931513,37.5591241,37.2528429,37.3158103,1543.6633309,56288.6753017,24.4096283
2017-04-11 17:35:02.000,59.3165498,27.7877946,46.0752046,1.0521307,35.9427046,35.6496047,37.3341820,1543.9380561,56317.8027024,24.3746328
2017-04-11 17:35:13.000,59.6015062,28.0396202,42.7727363,1.2676087,32.6402363,32.3740669,37.3372537,1544.4388313,56331.1055348,24.2799167
2017-04-11 17:35:24.000,59.8433394,28.2218504,39.4758983,1.4939541,29.3433983,29.1041134,37.3647493,1544.8099852,56374.2197060,24.2262419
2017-04-11 17:35:35.000,59.9486207,28.3234617,37.5905594,1.5931044,27.4580594,27.2341488,37.3591320,1544.9930550,56370.3377615,24.1802405
2017-04-11 17:35:46.000,60.2604242,28.5343340,35.6727306,1.6973963,25.5402306,25.3319592,37.4123102,1545.4727351,56449.7404580,24.1418374
2017-04-11 17:35:57.000,60.3788608,28.6537944,34.8592958,1.7480523,24.7267958,24.5251577,37.4013286,1545.7044269,56440.0522129,24.0901733
2017-04-11 17:36:08.000,60.3669635,28.6459296,34.3263166,1.7868477,24.1938166,23.9965247,37.3993611,1545.6764868,56436.8557497,24.0890514
2017-04-11 17:36:19.000,60.4252409,28.6835340,33.1967427,1.8616924,23.0642427,22.8761620,37.4108772,1545.7502936,56453.4315250,24.0803055
2017-04-11 17:36:30.000,60.4425764,28.6993375,31.8421491,1.9082002,21.7096491,21.5326147,37.4109745,1545.7614648,56453.7072245,24.0693059
2017-04-11 17:36:41.000,60.4543831,28.7089133,31.3324370,1.9194181,21.1999370,21.0270591,37.4118483,1545.7743241,56455.0907661,24.0645802
2017-04-11 17:36:52.000,60.4737090,28.7250229,31.5453113,1.9328563,21.4128113,21.2381975,37.4126093,1545.8132328,56456.9159266,24.0606618
2017-04-11 17:37:03.000,60.4814779,28.7336728,31.5061435,1.9298181,21.3736435,21.1993491,37.4112405,1545.8296609,56455.4611412,24.0565654
2017-04-11 17:37:14.000,60.4916433,28.7432125,31.5034763,1.9430225,21.3709763,21.1967036,37.4108357,1545.8496192,56455.3479404,24.0530509
2017-04-11 17:37:25.000,60.4966001,28.7467721,31.1482348,1.9417956,21.0157348,20.8443590,37.4116083,1545.8520678,56456.3916988,24.0509228
2017-04-11 17:37:36.000,60.4890525,28.7418435,31.2273516,1.9374136,21.0948516,20.9228307,37.4101876,1545.8413533,56454.3076330,24.0518446
2017-04-11 17:37:47.000,60.4917100,28.7415758,31.1727207,1.9415619,21.0402207,20.8686452,37.4122744,1545.8420555,56457.0573831,24.0532708
2017-04-11 17:37:58.000,60.4932576,28.7451353,30.7458037,1.9537731,20.6133037,20.4452096,37.4106847,1545.8408106,56454.9195303,24.0490603
2017-04-11 17:38:09.000,60.4673249,28.7429205,30.7971108,1.9614270,20.6646108,20.4960983,37.3942753,1545.8196656,56432.9459457,24.0376800
2017-04-11 17:38:20.000,60.4587216,28.7336849,30.9533303,1.9596742,20.8208303,20.6510439,37.3954828,1545.8037898,56434.2074053,24.0423511
2017-04-11 17:38:31.000,60.4443163,28.7285569,30.9518215,1.9591483,20.8193215,20.6495474,37.3894447,1545.7864254,56425.9197666,24.0395222
2017-04-11 17:38:42.000,60.4509746,28.7312455,30.9624640,1.9489821,20.8299640,20.6601031,37.3919818,1545.7950343,56429.4302264,24.0405746
2017-04-11 17:38:53.000,60.4469520,28.7322432,31.0316416,1.9711843,20.8991416,20.7287166,37.3883608,1545.7945263,56424.6716045,24.0378118
2017-04-11 17:39:04.000,60.4495050,28.7320120,30.8099706,1.9583304,20.6774706,20.5088533,37.3903974,1545.7924393,56427.2872875,24.0384754
2017-04-11 17:39:15.000,60.4535727,28.7351754,30.5553941,1.9844472,20.4228941,20.2563527,37.3908305,1545.7953812,56427.9018144,24.0366545
2017-04-11 17:39:26.000,60.4472634,28.7309596,30.0603738,2.0015662,19.9278738,19.7653692,37.3898903,1545.7770209,56426.2535583,24.0352487
2017-04-11 17:39:37.000,60.3873861,28.7065967,29.6672258,2.0054808,19.5347258,19.3754271,37.3673016,1545.6944143,56394.8560500,24.0247455
2017-04-11 17:39:48.000,60.3902305,28.7046632,29.5279526,2.0267482,19.3954526,19.2372897,37.3708577,1545.6916654,56399.4575075,24.0274736
2017-04-11 17:39:59.000,60.3739702,28.6967843,29.2860731,2.0360380,19.1535731,18.9973826,37.3657563,1545.6653263,56392.1971867,24.0252436
2017-04-11 17:40:10.000,60.3760562,28.6948269,29.2098177,2.0493009,19.0773177,18.9217490,37.3687814,1545.6630280,56396.1150038,24.0278492
2017-04-11 17:40:21.000,60.3832133,28.6991248,29.2134836,2.0630896,19.0809836,18.9253850,37.3704053,1545.6740155,56398.4758540,24.0276468
2017-04-11 17:40:32.000,60.3759391,28.6983284,28.9149259,2.0727885,18.7824259,18.6292620,37.3660336,1545.6626758,56392.4828184,24.0233514
2017-04-11 17:40:43.000,60.3837275,28.6982494,28.7571628,2.0885053,18.6246628,18.4727853,37.3715959,1545.6657029,56399.8368612,24.0268885
2017-04-11 17:40:54.000,60.3795487,28.6975624,28.5396019,2.1021187,18.4071019,18.2569986,37.3692795,1545.6581258,56396.6248919,24.0244479
2017-04-11 17:41:05.000,60.3842567,28.6981825,28.4017756,2.0911929,18.2692756,18.1202962,37.3721292,1545.6601327,56400.3984668,24.0257956
2017-04-11 17:41:16.000,60.3981457,28.7040248,28.4095699,2.0997232,18.2770699,18.1280270,37.3772465,1545.6781771,56407.4919839,24.0277210
2017-04-11 17:41:27.000,60.3914119,28.7030521,28.4634655,2.1199973,18.3309655,18.1814831,37.3732831,1545.6728279,56402.1818024,24.0252957
2017-04-11 17:41:38.000,60.3830037,28.7003528,28.3937438,2.1071434,18.2612438,18.1123299,37.3695456,1545.6619316,56397.0445843,24.0230911
2017-04-11 17:41:49.000,60.3847423,28.6981521,28.2345084,2.1086625,18.1020084,17.9543930,37.3725448,1545.6576866,56400.8825683,24.0254047
2017-04-11 17:42:00.000,60.3811645,28.6958178,28.2091120,2.1027030,18.0766120,17.9292037,37.3718868,1545.6515604,56399.8895506,24.0255832
2017-04-11 17:42:11.000,60.3555801,28.6839169,28.2170290,2.1160243,18.0845290,17.9370562,37.3633471,1545.6171783,56387.9643935,24.0231788
2017-04-11 17:42:22.000,60.3796863,28.6927055,28.2549861,2.1254895,18.1224861,17.9747038,37.3732890,1545.6471349,56401.6404845,24.0278760
2017-04-11 17:42:33.000,60.3820370,28.6972646,28.0651636,2.1395703,17.9326636,17.7864291,37.3714028,1545.6517280,56399.2488193,24.0241204
2017-04-11 17:42:44.000,60.3734600,28.6878612,28.0061075,2.1263074,17.8736075,17.7278546,37.3728231,1545.6320608,56400.6990758,24.0280858
2017-04-11 17:42:55.000,60.3799749,28.6948756,27.9463485,2.1159659,17.8138485,17.6685830,37.3718777,1545.6451028,56399.7264550,24.0247707
2017-04-11 17:43:06.000,60.3803795,28.6942008,27.9707401,2.1225097,17.8382401,17.6927756,37.3726847,1545.6449163,56400.7833258,24.0257078
2017-04-11 17:43:17.000,60.3872217,28.6961643,27.9898571,2.1443029,17.8573571,17.7117367,37.3759217,1545.6528563,56405.1986755,24.0275665
2017-04-11 17:43:28.000,60.3876364,28.6967722,27.7483310,2.1556961,17.6158310,17.4721802,37.3758081,1545.6499707,56404.9743244,24.0262469
2017-04-11 17:43:39.000,60.3888498,28.6972524,27.3479802,2.1562804,17.2154802,17.0750942,37.3764033,1545.6448813,56405.6244784,24.0248255
2017-04-11 17:43:50.000,60.3852807,28.6962554,27.0986033,2.1668556,16.9661033,16.8277508,37.3747676,1545.6368198,56403.2939030,24.0228649
2017-04-11 17:44:01.000,60.3745492,28.6901283,26.9796660,2.1641680,16.8471660,16.7097834,37.3721182,1545.6188867,56399.4351754,24.0224165
2017-04-11 17:44:12.000,60.3759735,28.6910826,26.8729681,2.1809949,16.7404681,16.6039556,37.3723968,1545.6194288,56399.8053908,24.0218512
2017-04-11 17:44:23.000,60.3718822,28.6906146,26.7874590,2.1850264,16.6549590,16.5191437,37.3699279,1545.6143853,56396.4544729,24.0197860
2017-04-11 17:44:34.000,60.3354069,28.6792314,26.5631611,2.1826893,16.4306611,16.2966750,37.3534259,1545.5688152,56373.8306733,24.0102275
2017-04-11 17:44:45.000,60.2974236,28.6783139,26.3318439,2.1826893,16.1993439,16.0672440,37.3276284,1545.5357913,56339.2638065,23.9901429
2017-04-11 17:44:56.000,60.2568652,28.6722436,26.3635641,2.1825140,16.2310641,16.0987056,37.3040004,1545.4984245,56307.4677155,23.9745373
2017-04-11 17:45:07.000,60.1750666,28.6611320,26.4280731,2.1864286,16.2955731,16.1626885,37.2554503,1545.4245441,56242.1844476,23.9420122
2017-04-11 17:45:18.000,60.1837963,28.6598867,26.2354046,2.1857859,16.1029046,15.9715912,37.2625994,1545.4261496,56251.5941497,23.9469838
2017-04-11 17:45:29.000,60.1513963,28.6518387,26.0603097,2.1939657,15.9278097,15.7979241,37.2462915,1545.3887444,56229.3896863,23.9366619
2017-04-11 17:45:40.000,60.1309403,28.6412720,26.0458210,2.2199656,15.9133210,15.7835536,37.2402709,1545.3594583,56220.8743046,23.9356049
2017-04-11 17:45:51.000,60.1236491,28.6398633,26.2090469,2.2083387,16.0765469,15.9454485,37.2362210,1545.3549172,56215.4714596,23.9337262
2017-04-11 17:46:02.000,60.1429898,28.6547055,26.0005889,2.1998084,15.8680889,15.7386904,37.2381736,1545.3853498,56218.6537303,23.9293421
2017-04-11 17:46:13.000,60.1177845,28.6476421,25.7745941,2.2186218,15.6420941,15.5145384,37.2261423,1545.3537007,56202.1805836,23.9216899
2017-04-11 17:46:24.000,60.0951470,28.6314785,25.8478508,2.2112600,15.7153508,15.5871978,37.2229563,1545.3168427,56197.2369625,23.9250099
2017-04-11 17:46:35.000,60.0511403,28.6173048,25.7861063,2.2127791,15.6536063,15.5259568,37.2032791,1545.2646060,56170.3046820,23.9146819
2017-04-11 17:46:46.000,60.0724995,28.6229192,25.7669297,2.2051252,15.6344297,15.5069366,37.2138389,1545.2874763,56184.6478684,23.9206671
2017-04-11 17:46:57.000,60.0526730,28.6179785,25.7394994,2.2065274,15.6069994,15.4797299,37.2038383,1545.2658585,56171.0622117,23.9146786
2017-04-11 17:47:08.000,60.0454758,28.6168678,25.8563031,2.2013274,15.7238031,15.5955811,37.1996327,1545.2610092,56165.4447201,23.9123848
2017-04-11 17:47:19.000,60.0533698,28.6202546,25.8747037,2.2089229,15.7422037,15.6138317,37.2024985,1545.2716207,56169.4299527,23.9134873
2017-04-11 17:47:30.000,60.0540894,28.6195080,25.8580541,2.2151746,15.7255541,15.5973179,37.2035935,1545.2708877,56170.8521461,23.9144894
2017-04-11 17:47:41.000,60.0554748,28.6215717,25.8157774,2.2064690,15.6832774,15.5553859,37.2029575,1545.2739437,56170.0771719,23.9131410
2017-04-11 17:47:52.000,60.0572609,28.6212378,25.8905372,2.2084555,15.7580372,15.6295360,37.2044473,1545.2760542,56172.0827127,23.9146922
2017-04-11 17:48:03.000,60.0626664,28.6250134,25.8785365,2.2090398,15.7460365,15.6176333,37.2052741,1545.2848413,56173.3497416,23.9140013
2017-04-11 17:48:14.000,60.0722060,28.6279089,25.7733249,2.2117858,15.6408249,15.5132796,37.2097152,1545.2939707,56179.3657871,23.9159250
2017-04-11 17:48:25.000,60.0738993,28.6292688,25.8806656,2.2166353,15.7481656,15.6197449,37.2098008,1545.2987930,56179.5848178,23.9159931
2017-04-11 17:48:36.000,60.0735469,28.6299123,25.9432021,2.2185634,15.8107021,15.6817715,37.2090296,1545.3004182,56178.6095189,23.9154649
2017-04-11 17:48:47.000,60.0433057,28.6244974,25.7646472,2.2220105,15.6321472,15.5046727,37.1921555,1545.2679994,56155.7603543,23.9038198
2017-04-11 17:48:58.000,60.0182978,28.6207219,25.7267693,2.2019701,15.5942693,15.4671036,37.1776150,1545.2439313,56136.1575143,23.8939826
2017-04-11 17:49:09.000,60.0310061,28.6208797,25.6864844,2.2149993,15.5539844,15.4271473,37.1864036,1545.2528461,56147.8855608,23.9003685
2017-04-11 17:49:20.000,60.0290112,28.6163580,25.7255782,2.2119027,15.5930782,15.4659222,37.1885411,1545.2460304,56150.5554847,23.9036540
2017-04-11 17:49:31.000,60.0040049,28.6130868,25.6483421,2.2124870,15.5158421,15.3893160,37.1736162,1545.2219763,56130.4451667,23.8931908
2017-04-11 17:49:42.000,60.0369977,28.6246249,25.7849444,2.2090982,15.6524444,15.5248043,37.1876317,1545.2638522,56149.7329132,23.9004612
2017-04-11 17:49:53.000,60.0303265,28.6222029,25.6234067,2.2015027,15.4909067,15.3645839,37.1849093,1545.2530555,56145.9227051,23.8985332
2017-04-11 17:50:04.000,60.0242220,28.6184034,25.5871862,2.2168106,15.4546862,15.3286588,37.1836253,1545.2429214,56144.0240082,23.8986823
2017-04-11 17:50:15.000,60.0343080,28.6174747,25.6321595,2.2223611,15.4996595,15.3732653,37.1914038,1545.2498727,56154.3896534,23.9050354
2017-04-11 17:50:26.000,60.0301260,28.6206127,25.5408732,2.2268015,15.4083732,15.2827234,37.1860417,1545.2494372,56147.3302781,23.8995640
2017-04-11 17:50:37.000,60.0093585,28.6112541,25.4807524,2.2355071,15.3482524,15.2230929,37.1788551,1545.2207264,56137.2914626,23.8970282
2017-04-11 17:50:48.000,60.0124941,28.6141489,25.5015015,2.2155836,15.3690015,15.2436728,37.1787746,1545.2272186,56137.3211134,23.8960892
2017-04-11 17:50:59.000,60.0292055,28.6146041,25.4344176,2.2314173,15.3019176,15.1771360,37.1901431,1545.2390387,56152.4967949,23.9042022
2017-04-11 17:51:10.000,59.9958599,28.6145373,25.4811451,2.2179791,15.3486451,15.2234824,37.1668262,1545.2151292,56121.3715654,23.8868850
2017-04-11 17:51:21.000,60.0030709,28.6141489,25.4760111,2.2312420,15.3435111,15.2183902,37.1721826,1545.2198476,56128.5064240,23.8910219
2017-04-11 17:51:32.000,60.0329837,28.6181606,25.5407183,2.2110847,15.4082183,15.2825698,37.1899665,1545.2482936,56152.4629062,23.9033349
2017-04-11 17:51:43.000,60.0086019,28.6134570,25.5174909,2.2262173,15.3849909,15.2595318,37.1765861,1545.2236952,56134.3741337,23.8947424
2017-04-11 17:51:54.000,60.0098935,28.6135602,25.5005413,2.2024376,15.3680413,15.2427204,37.1774151,1545.2245045,56135.4788888,23.8952592
2017-04-11 17:52:05.000,60.0125532,28.6136573,25.3902856,2.2097409,15.2577856,15.1333638,37.1792359,1545.2247730,56137.8694944,23.8961257
2017-04-11 17:52:16.000,60.0205558,28.6144705,25.4386681,2.2217184,15.3061681,15.1813518,37.1841882,1545.2325524,56144.5396200,23.8997856
2017-04-11 17:52:27.000,60.0150436,28.6145980,25.3822628,2.2316510,15.2497628,15.1254065,37.1802449,1545.2277238,56139.2555449,23.8965361
2017-04-11 17:52:38.000,60.0186364,28.6148893,25.4810045,2.2276195,15.3485045,15.2233430,37.1825023,1545.2323913,56142.3241434,23.8985583
2017-04-11 17:52:49.000,60.0207000,28.6150774,25.5377904,2.2233544,15.4052904,15.2796658,37.1837825,1545.2351008,56144.0657242,23.8997008
2017-04-11 17:53:00.000,60.0173969,28.6147315,25.5878641,2.2174532,15.4553641,15.3293311,37.1817248,1545.2330337,56141.3229231,23.8984824
2017-04-11 17:53:11.000,60.0197051,28.6155083,25.5158898,2.2325858,15.3833898,15.2579438,37.1827544,1545.2345762,56142.7028206,23.8986901
2017-04-11 17:53:22.000,60.0180432,28.6161274,25.5775227,2.2195566,15.4450227,15.3190740,37.1810860,1545.2351893,56140.5274397,23.8974913
2017-04-11 17:53:33.000,60.0190428,28.6171045,25.4855668,2.2183296,15.3530668,15.2278681,37.1810481,1545.2357018,56140.4823498,23.8967439
2017-04-11 17:53:44.000,60.0247100,28.6185187,25.3499688,2.2194398,15.2174688,15.0933758,37.1839501,1545.2395144,56144.3648775,23.8978754
2017-04-11 17:53:55.000,60.0448009,28.6285585,25.2563314,2.2228869,15.1238314,15.0005020,37.1901742,1545.2660805,56153.0851508,23.8988026
2017-04-11 17:54:06.000,60.0448787,28.6323346,25.1836185,2.2072286,15.0511185,14.9283820,37.1872897,1545.2699366,56149.3707046,23.8950605
2017-04-11 17:54:17.000,60.0411509,28.6325835,25.2539371,2.2216600,15.1214371,14.9981272,37.1844626,1545.2686799,56145.6351224,23.8931510
2017-04-11 17:54:28.000,60.0486783,28.6341134,25.1888274,2.2214263,15.0563274,14.9335484,37.1885534,1545.2751792,56151.1397795,23.8954388
2017-04-11 17:54:39.000,60.0504569,28.6369731,25.5044123,2.2300150,15.3719123,15.2465599,37.1874586,1545.2854913,56149.9351112,23.8950066
2017-04-11 17:54:50.000,60.0434094,28.6291656,25.4943128,2.2243476,15.3618128,15.2365427,37.1886501,1545.2697909,56151.1749344,23.8984692
2017-04-11 17:55:01.000,60.0247836,28.6309018,25.4832641,2.2262757,15.3507641,15.2255841,37.1742503,1545.2581760,56132.0156958,23.8870106
2017-04-11 17:55:12.000,60.0195381,28.6202849,25.5928454,2.2198487,15.4603454,15.3342719,37.1788677,1545.2420538,56137.7558654,23.8944991
2017-04-11 17:55:23.000,60.0200718,28.6211771,25.6332811,2.2096241,15.5007811,15.3743778,37.1785293,1545.2442978,56137.3602419,23.8941191
2017-04-11 17:55:34.000,60.0184005,28.6184762,25.4111058,2.2218937,15.2786058,15.1540142,37.1795456,1545.2358153,56138.5058396,23.8948376
2017-04-11 17:55:45.000,60.0196940,28.6186461,25.3419050,2.2317678,15.2094050,15.0853778,37.1803396,1545.2358509,56139.5453007,23.8950826
2017-04-11 17:55:56.000,60.0209296,28.6189314,25.3461624,2.1954263,15.2136624,15.0896005,37.1809799,1545.2372104,56140.4149092,23.8954871
2017-04-11 17:56:07.000,60.0184380,28.6176872,25.3850466,2.2096241,15.2525466,15.1281676,37.1801987,1545.2343668,56139.3322853,23.8954812
2017-04-11 17:56:18.000,60.0281424,28.6249830,25.3579903,2.2224195,15.2254903,15.1013318,37.1812817,1545.2507420,56141.0918059,23.8937426
2017-04-11 17:56:29.000,60.0196500,28.6184276,25.5390256,2.2169858,15.4065256,15.2808909,37.1804192,1545.2387861,56139.7232277,23.8960570
2017-04-11 17:56:40.000,60.0203357,28.6176508,25.4387249,2.2170443,15.3062249,15.1814082,37.1815397,1545.2366050,56141.1437879,23.8967312
2017-04-11 17:56:51.000,60.0269659,28.6229617,25.2335845,2.2201993,15.1010845,14.9779406,37.1820813,1545.2451410,56142.0185602,23.8944884
2017-04-11 17:57:02.000,60.0234773,28.6192167,25.2779780,2.2210173,15.1454780,15.0219720,37.1825615,1545.2383404,56142.5116978,23.8962904
2017-04-11 17:57:13.000,60.0270111,28.6207219,25.4894762,2.2234712,15.3569762,15.2317455,37.1837905,1545.2464356,56144.3072887,23.8976147
2017-04-11 17:57:24.000,60.0287135,28.6221605,25.3480071,2.2136555,15.2155071,15.0914301,37.1838982,1545.2472590,56144.4566648,23.8966112
2017-04-11 17:57:35.000,60.0279763,28.6223911,25.3366515,2.2242308,15.2041515,15.0801671,37.1832045,1545.2468333,56143.5358269,23.8959639
2017-04-11 17:57:46.000,60.0358869,28.6286435,25.4328772,2.2253409,15.3003772,15.1756081,37.1838111,1545.2625381,56144.6636388,23.8947416
2017-04-11 17:57:57.000,60.0409292,28.6341620,25.2805936,2.2279701,15.1480936,15.0245663,37.1830613,1545.2710473,56143.8449263,23.8916833
2017-04-11 17:58:08.000,60.0405223,28.6326260,25.2983447,2.2189723,15.1658447,15.0421726,37.1839754,1545.2690066,56145.0046643,23.8929599
2017-04-11 17:58:19.000,60.0400574,28.6334759,25.4144633,2.2157004,15.2819633,15.1573444,37.1829475,1545.2717082,56143.7175803,23.8923984
2017-04-11 17:58:30.000,60.0394997,28.6319399,25.5196388,2.2127207,15.3871388,15.2616622,37.1837290,1545.2710010,56144.7363939,23.8939485
2017-04-11 17:58:41.000,60.0394241,28.6328263,25.5809552,2.2254577,15.4484552,15.3224786,37.1829620,1545.2731323,56143.7768034,23.8933371
2017-04-11 17:58:52.000,60.0374702,28.6317396,25.5405613,2.2146488,15.4080613,15.2824141,37.1824586,1545.2695853,56143.0394498,23.8931492
2017-04-11 17:59:03.000,60.0388943,28.6314482,25.4264190,2.2063522,15.2939190,15.1692026,37.1837195,1545.2683631,56144.6633721,23.8937078
2017-04-11 17:59:14.000,60.0381564,28.6300337,25.4187601,2.2130128,15.2862601,15.1616061,37.1843144,1545.2658192,56145.3918006,23.8945953
2017-04-11 17:59:25.000,60.0360530,28.6293234,25.4373504,2.2102667,15.3048504,15.1800448,37.1833928,1545.2636349,56144.1370938,23.8942188
2017-04-11 17:59:36.000,60.0385291,28.6281214,25.2908730,2.2196150,15.1583730,15.0347619,37.1861146,1545.2614482,56147.6581700,23.8960425
2017-04-11 17:59:47.000,60.0387532,28.6317396,25.2497265,2.2185634,15.1172265,14.9939510,37.1834468,1545.2657252,56144.2392317,23.8926511
2017-04-11 17:59:58.000,60.0369581,28.6283278,25.3883049,2.2033140,15.2558049,15.1313993,37.1848225,1545.2621732,56145.9819450,23.8954176
2017-04-11 18:00:09.000,60.0355388,28.6288924,25.3708030,2.2157589,15.2383030,15.1140401,37.1833914,1545.2615854,56144.0885156,23.8940777
2017-04-11 18:00:20.000,60.0344514,28.6332817,25.3978231,2.2200240,15.2653231,15.1408398,37.1791799,1545.2670433,56138.6702049,23.8895584
2017-04-11 18:00:31.000,60.0334935,28.6341195,25.3757470,2.2061769,15.2432470,15.1189438,37.1778592,1545.2670819,56136.9344208,23.8881907
2017-04-11 18:00:42.000,60.0353737,28.6323953,25.3829555,2.2079297,15.2504555,15.1260935,37.1805252,1545.2663036,56140.4214634,23.8908031
2017-04-11 18:00:53.000,60.0360510,28.6325228,25.5239917,2.2185049,15.3914917,15.2659796,37.1808559,1545.2693024,56140.9270157,23.8916113
2017-04-11 18:01:04.000,60.0307057,28.6309868,25.4265221,2.2185634,15.2940221,15.1693048,37.1783477,1545.2617168,56137.4685100,23.8898219
2017-04-11 18:01:15.000,60.0238109,28.6320371,25.3633439,2.2159341,15.2308439,15.1066418,37.1727163,1545.2569811,56129.9678931,23.8849654
2017-04-11 18:01:26.000,60.0182490,28.6332574,25.1604777,2.2227117,15.0279777,14.9054299,37.1679284,1545.2511453,56123.5435890,23.8800903
2017-04-11 18:01:37.000,60.0229134,28.6324256,25.1958717,2.2201409,15.0633717,14.9405353,37.1718351,1545.2540667,56128.7390860,23.8834579
2017-04-11 18:01:48.000,60.0141877,28.6334274,25.2730278,2.2237049,15.1405278,15.0170622,37.1649170,1545.2502366,56119.5754186,23.8782489
2017-04-11 18:01:59.000,60.0094163,28.6344838,25.1386313,2.2227117,15.0061313,14.8837617,37.1607903,1545.2458983,56114.0549368,23.8742181
2017-04-11 18:02:10.000,60.0046729,28.6317457,25.2140786,2.2337543,15.0815786,14.9585938,37.1595918,1545.2400208,56112.3634717,23.8745538
2017-04-11 18:02:21.000,60.0019683,28.6308350,25.0250317,2.2185049,14.8925317,14.7710884,37.1584703,1545.2336965,56110.7469836,23.8732075
2017-04-11 18:02:32.000,60.0025272,28.6336520,24.8970967,2.2203162,14.7645967,14.6441967,37.1566938,1545.2357270,56108.4465586,23.8703838
2017-04-11 18:02:43.000,60.0381031,28.6377746,24.9297010,2.2126622,14.7972010,14.6765352,37.1783587,1545.2679492,56137.5801326,23.8854408
2017-04-11 18:02:54.000,60.0045154,28.6312964,24.9726567,2.2251072,14.8401567,14.7191405,37.1599082,1545.2353200,56112.6664855,23.8739113
2017-04-11 18:03:05.000,60.0276749,28.6308532,25.0872641,2.2261588,14.9547641,14.8328134,37.1764351,1545.2536994,56134.7681519,23.8869798
2017-04-11 18:03:16.000,60.0277318,28.6199632,24.9293548,2.2381948,14.7968548,14.6761918,37.1850634,1545.2367063,56145.7423741,23.8964347
2017-04-11 18:03:27.000,60.0136630,28.6266766,24.9214278,2.2233544,14.7889278,14.6683294,37.1699497,1545.2350959,56125.8519932,23.8827894
2017-04-11 18:03:38.000,60.0281561,28.6202849,24.9298843,2.2182712,14.7973843,14.6767169,37.1851081,1545.2374541,56145.8165471,23.8963631
2017-04-11 18:03:49.000,60.0285507,28.6260939,24.7874593,2.2276779,14.6549593,14.5354534,37.1808728,1545.2430868,56140.3596020,23.8906284
2017-04-11 18:04:00.000,60.0240224,28.6237993,25.0392994,2.2259836,14.9067994,14.7852398,37.1794232,1545.2408698,56138.4255324,23.8913798
2017-04-11 18:04:11.000,60.0209784,28.6163641,24.9885854,2.2242892,14.8560854,14.7349393,37.1831382,1545.2279360,56143.0355935,23.8964419
2017-04-11 18:04:22.000,60.0227478,28.6136816,24.9932356,2.2286712,14.8607356,14.7395516,37.1864800,1545.2257633,56147.3814738,23.8998716
2017-04-11 18:04:33.000,60.0236288,28.6189071,25.1626724,2.2216600,15.0301724,14.9076068,37.1829461,1545.2361367,56142.9639462,23.8961909
2017-04-11 18:04:44.000,60.0274058,28.6147376,25.2248905,2.2194982,15.0923905,14.9693174,37.1888426,1545.2344260,56150.6793151,23.9022849
2017-04-11 18:04:55.000,60.0242676,28.6143128,25.3030632,2.2142982,15.1705632,15.0468527,37.1869536,1545.2328402,56148.1699709,23.9013396
2017-04-11 18:05:06.000,60.0213967,28.6147801,25.1372037,2.2187971,15.0047037,14.8823457,37.1846276,1545.2286013,56145.0157182,23.8987258
2017-04-11 18:05:17.000,60.0238162,28.6133842,25.0251450,2.2118443,14.8926450,14.7712008,37.1874518,1545.2266846,56148.6792176,23.9008382
2017-04-11 18:05:28.000,60.0244952,28.6127106,25.1122922,2.2171611,14.9797922,14.8576374,37.1884288,1545.2277328,56149.9901696,23.9021702
2017-04-11 18:05:39.000,60.0214667,28.6101497,25.1929118,2.2293139,15.0604118,14.9375995,37.1882916,1545.2234376,56149.7264492,23.9032666
2017-04-11 18:05:50.000,60.0196211,28.6106473,25.2376939,2.2082218,15.1051939,14.9820165,37.1865946,1545.2234756,56147.5006095,23.9020150
2017-04-11 18:06:01.000,60.0237956,28.6117699,25.0664289,2.2119611,14.9339289,14.8121481,37.1886910,1545.2252126,56150.2795053,23.9024858
2017-04-11 18:06:12.000,60.0267527,28.6202849,24.9799667,2.2085724,14.8474667,14.7263909,37.1841097,1545.2372468,56144.5038844,23.8958259
2017-04-11 18:06:23.000,60.0265383,28.6124072,25.2189981,2.2010937,15.0864981,14.9634732,37.1900650,1545.2306010,56152.2058715,23.9039578
2017-04-11 18:06:34.000,60.0223110,28.6093729,25.2975290,2.2181544,15.1650290,15.0413637,37.1894600,1545.2247597,56151.2956024,23.9048516
2017-04-11 18:06:45.000,60.0249544,28.6094821,25.1285643,2.2275027,14.9960643,14.8737768,37.1912783,1545.2240625,56153.6589205,23.9054615
2017-04-11 18:06:56.000,60.0241652,28.6106837,25.0359681,2.2242892,14.9034681,14.7819356,37.1898114,1545.2235424,56151.7150381,23.9035614
2017-04-11 18:07:07.000,60.0233266,28.6072733,25.2427045,2.2076960,15.1102045,14.9869862,37.1918357,1545.2218206,56154.3523180,23.9071058
2017-04-11 18:07:18.000,60.0209112,28.6208919,25.3649892,2.2149409,15.2324892,15.1082737,37.1794238,1545.2401055,56138.4315021,23.8937420
2017-04-11 18:07:29.000,60.0197168,28.6052042,25.5953840,2.2098578,15.4628840,15.3367897,37.1908213,1545.2222429,56153.0514288,23.9085395
2017-04-11 18:07:40.000,60.0197806,28.6042940,25.3521444,2.2045993,15.2196444,15.0955336,37.1916553,1545.2170644,56154.0243698,23.9084325
2017-04-11 18:07:51.000,60.0207234,28.6033657,25.2798740,2.2151162,15.1473740,15.0238526,37.1930666,1545.2153354,56155.8380596,23.9094957
2017-04-11 18:08:02.000,60.0212414,28.6009872,25.2098128,2.2140061,15.0773128,14.9543627,37.1953176,1545.2114076,56158.7096388,23.9116843
2017-04-11 18:08:13.000,60.0190283,28.6086387,25.2890668,2.2196150,15.1565668,15.0329705,37.1877392,1545.2212253,56148.9612609,23.9037663
2017-04-11 18:08:24.000,60.0198795,28.6089785,25.2143574,2.2137724,15.0818574,14.9588702,37.1880919,1545.2210690,56149.4166027,23.9035992
2017-04-11 18:08:35.000,60.0185138,28.6085234,25.2361603,2.2123701,15.1036603,14.9804953,37.1874856,1545.2198187,56148.5955871,23.9033882
2017-04-11 18:08:46.000,60.0146412,28.6123950,25.2670640,2.2176285,15.1345640,15.0111471,37.1817264,1545.2226039,56141.0888176,23.8978947
2017-04-11 18:08:57.000,60.0154926,28.6162488,25.2215881,2.2152915,15.0890881,14.9660420,37.1793144,1545.2275875,56138.0198471,23.8945988
2017-04-11 18:09:08.000,60.0140015,28.6148468,25.1310349,2.2102667,14.9985349,14.8762273,37.1793976,1545.2231336,56138.0311913,23.8947432
2017-04-11 18:09:19.000,60.0125235,28.6178814,25.2357486,2.2373184,15.1032486,14.9800871,37.1759503,1545.2277954,56133.6052064,23.8915834
2017-04-11 18:09:30.000,60.0116609,28.6098462,25.0348842,2.2275027,14.9023842,14.7808606,37.1817098,1545.2131911,56140.8575457,23.8977425
2017-04-11 18:09:41.000,60.0186624,28.6104167,25.2261722,2.2161679,15.0936722,14.9705887,37.1861075,1545.2222724,56146.8351237,23.9016765
2017-04-11 18:09:52.000,60.0146640,28.6020126,25.5527558,2.2176870,15.4202558,15.2945092,37.1897987,1545.2135804,56151.5264910,23.9086544
2017-04-11 18:10:03.000,60.0035561,28.6199086,24.3530583,2.2412330,14.2205583,14.1045948,37.1683537,1545.2092832,56123.1848266,23.8814239
2017-04-11 18:10:14.000,60.0081609,28.6231498,24.0353844,2.2416419,13.9028844,13.7895114,37.1691355,1545.2117246,56124.2419964,23.8795730
2017-04-11 18:10:25.000,60.0112321,28.6257479,23.7922023,2.2526846,13.6597023,13.5483123,37.1693246,1545.2134130,56124.5096240,23.8778090
2017-04-11 18:10:36.000,60.0115122,28.6221362,24.6821998,2.2277948,14.5496998,14.4310522,37.1720771,1545.2235408,56128.3927705,23.8848855
2017-04-11 18:10:47.000,60.0083435,28.6129048,24.4934528,2.2383116,14.3609528,14.2438444,37.1771548,1545.2058513,56134.6862952,23.8909832
2017-04-11 18:10:58.000,60.0072635,28.6240057,23.8693699,2.2394217,13.7368699,13.6248506,37.1678875,1545.2094537,56122.5446259,23.8776396
2017-04-11 18:11:09.000,60.0115484,28.6333059,23.7901372,2.2473093,13.6576372,13.5462641,37.1636226,1545.2236256,56117.2291503,23.8709856
2017-04-11 18:11:20.000,60.0158781,28.6314543,23.8912034,2.2398307,13.7587034,13.6465061,37.1680740,1545.2260343,56123.1339510,23.8753841
2017-04-11 18:11:31.000,60.0081781,28.6243214,24.0809008,2.2317094,13.9484008,13.8346566,37.1682152,1545.2140418,56123.0835866,23.8786836
2017-04-11 18:11:42.000,60.0094332,28.6282914,24.0929712,2.2411745,13.9604712,13.8466285,37.1659783,1545.2204270,56120.2775081,23.8757260
2017-04-11 18:11:53.000,60.0148148,28.6308229,24.2196169,2.2367925,14.0871169,13.9722415,37.1677229,1545.2298411,56122.7725410,23.8767330
2017-04-11 18:12:04.000,60.0149079,28.6280000,24.1659740,2.2230038,14.0334740,13.9190360,37.1700175,1545.2252834,56125.6894968,23.8791732
2017-04-11 18:12:15.000,60.0119998,28.6275022,24.5112362,2.2172780,14.3787362,14.2614828,37.1682648,1545.2281853,56123.4688937,23.8794951
2017-04-11 18:12:26.000,60.0082346,28.6276722,24.0842774,2.2396554,13.9517774,13.8380056,37.1656270,1545.2185792,56119.7772131,23.8756316
2017-04-11 18:12:37.000,60.0082606,28.6321524,23.4071602,2.2568329,13.2746602,13.1664101,37.1623430,1545.2133451,56115.3107825,23.8687738
2017-04-11 18:12:48.000,60.0077519,28.6332452,23.2054090,2.2459071,13.0729090,12.9663041,37.1611928,1545.2110839,56113.7398092,23.8666822
2017-04-11 18:12:59.000,60.0052614,28.6314785,23.7212470,2.2454981,13.5887470,13.4779357,37.1606743,1545.2154316,56113.1815047,23.8690846
2017-04-11 18:13:10.000,60.0051385,28.6290988,24.0349332,2.2553722,13.9024332,13.7890639,37.1623564,1545.2173716,56115.4518516,23.8724842
2017-04-11 18:13:21.000,60.0088128,28.6313875,23.4290866,2.2419925,13.2965866,13.1881577,37.1633224,1545.2131010,56116.5938643,23.8698597
2017-04-11 18:13:32.000,60.0054392,28.6326199,22.8927766,2.2569498,12.7602766,12.6562211,37.1601603,1545.2033844,56112.2038637,23.8647799
2017-04-11 18:13:43.000,60.0017289,28.6325470,22.4731020,2.2646037,12.3406020,12.2399688,37.1577494,1545.1936176,56108.8073064,23.8611992
2017-04-11 18:13:54.000,59.9744198,28.6273383,21.7886841,2.2755295,11.6561841,11.5611321,37.1429222,1545.1552732,56088.4881200,23.8488651
2017-04-11 18:14:05.000,59.9446916,28.6179482,20.6383381,2.2428105,10.5058381,10.4201668,37.1298176,1545.1018945,56070.0907542,23.8372335
2017-04-11 18:14:16.000,59.9151258,28.6166918,19.6678898,2.1986398,9.5353898,9.4576322,37.1103993,1545.0623918,56043.6939003,23.8189035
2017-04-11 18:14:27.000,59.9018399,28.6378596,18.5491333,2.1374670,8.4166333,8.3479986,37.0848834,1545.0621993,56010.0845773,23.7878638
2017-04-11 18:14:38.000,59.8840807,28.6188586,17.3005888,2.0147707,7.1680888,7.1096356,37.0876992,1545.0032590,56012.4865138,23.7909972
2017-04-11 18:14:49.000,59.9012240,28.6603909,15.9037705,1.7812972,5.7712705,5.7242079,37.0676558,1545.0479122,55986.9801819,23.7560822
2017-04-11 18:15:00.000,59.8961627,28.7241592,14.2147682,1.5237518,4.0822682,4.0489788,37.0148684,1545.1007880,55918.5926500,23.6878452
2017-04-11 18:15:11.000,59.8262423,28.6786542,12.8492809,1.1034294,2.7167809,2.6946266,37.0019074,1544.9664640,55898.6732506,23.6874846
2017-04-11 18:15:22.000,59.9262742,28.7296822,10.8273587,0.8910480,0.6948587,0.6891923,37.0326370,1545.0742364,55941.1951681,23.6848965
2017-04-11 18:15:33.000,59.7927433,28.8211017,10.3984833,0.8975333,0.2659833,0.2638143,36.8685153,1545.0901934,55725.7113220,23.5290356
2017-04-11 18:15:44.000,0.1096843,28.4620633,10.1878073,0.9149445,0.0553073,0.0548563,0.0534547,1505.5722639,102.8812806,-3.8565310
