11/04/2017 15:30:02 08°46.48066 S  034°45.96689 W 356.59
Time,Conductivity,Temperature,Pressure,Chlorophyll a,Sea pressure,Depth,Salinity,Speed of sound,Specific conductivity,Density anomaly
2017-04-11 15:30:00.000,0.0010638,28.0080083,10.1680074,3.0164398,0.0355074,0.0352178,0.0128565,1504.4221083,1.0060069,-3.7571997
2017-04-11 15:30:15.000,0.0022801,28.0239618,10.1616164,8.9173141,0.0291164,0.0288790,0.0129485,1504.4611748,2.1556377,-3.7616954
2017-04-11 15:30:26.000,0.0012806,27.7525241,10.1748445,7.8857889,0.0423445,0.0419992,0.0127750,1503.7938942,1.2166412,-3.6848964
2017-04-11 15:30:36.000,0.0018931,28.0194331,10.1805515,7.4945046,0.0480515,0.0476597,0.0129018,1504.4503536,1.7898720,-3.7603579
2017-04-11 15:30:47.000,0.0006675,28.1739274,10.1874636,0.1986912,0.0549636,0.0545154,0.0129396,1504.8279887,0.6293136,-3.8043420
2017-04-11 15:30:57.000,0.0016779,28.2447926,10.1899913,7.5333584,0.0574913,0.0570225,0.0129538,1505.0006140,1.5800179,-3.8245943
2017-04-11 15:31:08.000,0.0002877,28.3741356,10.1863322,0.0881468,0.0538322,0.0533932,0.0131071,1505.3147551,0.2702762,-3.8616161
2017-04-11 15:31:18.000,0.0006797,28.2875004,10.1857549,6.3512089,0.0532549,0.0528206,0.0129751,1505.1043902,0.6395546,-3.8368376
2017-04-11 15:31:29.000,0.0007373,28.5841473,10.1849106,7.3112197,0.0524106,0.0519832,0.0130642,1505.8220026,0.6900665,-3.9222473
2017-04-11 15:31:39.000,0.0006390,28.6964682,10.1899931,6.8811985,0.0574931,0.0570243,0.0131144,1506.0921724,0.5968305,-3.9547555
2017-04-11 15:31:50.000,0.0005206,28.8384487,10.1914224,6.7094237,0.0589224,0.0584419,0.0131835,1506.4323096,0.4850115,-3.9960271
2017-04-11 15:32:01.000,0.0006827,28.9082210,10.1938368,6.4072402,0.0613368,0.0608366,0.0131761,1506.5989145,0.6353237,-4.0163981
2017-04-11 15:32:12.000,0.0015381,29.1184260,10.1950329,6.3441977,0.0625329,0.0620230,0.0132185,1507.0987147,1.4259254,-4.0780105
2017-04-11 15:32:23.000,0.0017158,29.2419310,10.1984094,6.3763909,0.0659094,0.0653719,0.0132673,1507.3909721,1.5871886,-4.1143634
2017-04-11 15:32:34.000,0.0013314,29.1883323,10.2053941,6.5108894,0.0728941,0.0722997,0.0132330,1507.2644007,1.2327904,-4.0985425
2017-04-11 15:32:45.000,0.0013104,29.2357665,10.2047849,6.5188354,0.0722849,0.0716955,0.0132474,1507.3765022,1.2123019,-4.1125295
2017-04-11 15:32:56.000,0.0010823,29.3603329,10.2054948,6.5918689,0.0729948,0.0723995,0.0132877,1507.6701709,0.9990711,-4.1493435
2017-04-11 15:33:07.000,0.0008955,30.0799662,10.2125998,6.7301652,0.0800998,0.0794467,0.0135224,1509.3452725,0.8162894,-4.3646782
2017-04-11 15:33:18.000,0.0011112,30.1821936,10.2199787,6.5983543,0.0874787,0.0867654,0.0135418,1509.5803624,1.0111477,-4.3956172
2017-04-11 15:33:29.000,0.0008650,29.9622464,10.2149148,7.0783305,0.0824148,0.0817427,0.0134885,1509.0738170,0.7901374,-4.3291238
2017-04-11 15:33:40.000,0.0015235,30.0617879,10.2197561,7.2792018,0.0872561,0.0865446,0.0135074,1509.3035227,1.3892276,-4.3591570
2017-04-11 15:33:51.000,0.0015418,30.0646639,10.2128394,6.9803487,0.0803394,0.0796842,0.0135090,1509.3100304,1.4058311,-4.3600567
2017-04-11 15:34:02.000,0.0013803,29.9827522,10.2217046,7.5017495,0.0892046,0.0884771,0.0134793,1509.1212780,1.2603567,-4.3352877
2017-04-11 15:34:13.000,0.0012284,30.4013938,10.2281718,7.6559379,0.0956718,0.0948916,0.0136063,1510.0818794,1.1135016,-4.4622810
2017-04-11 15:34:24.000,0.0011442,30.5922816,10.2244386,8.0283503,0.0919386,0.0911889,0.0136660,1510.5157034,1.0337770,-4.5207197
2017-04-11 15:34:35.000,0.0013258,30.3051567,10.2185296,8.1287276,0.0860296,0.0853281,0.0135768,1509.8620046,1.2038549,-4.4329895
2017-04-11 15:34:46.000,0.0020202,30.0862774,10.2353483,4.0121494,0.1028483,0.1020096,0.0135474,1509.3602128,1.8412819,-4.3664684
2017-04-11 15:34:57.000,11.3501126,29.2421400,10.2367006,7.1571482,0.1042006,0.1033508,5.8971635,1513.6776834,10499.4000172,0.2770514
2017-04-11 15:35:08.000,60.2114316,28.8710867,10.3006350,3.3321791,0.1681350,0.1667639,37.1214595,1545.4612936,56066.0347440,23.7020446
2017-04-11 15:35:19.000,60.2618325,28.8764736,10.4336077,-0.2592589,0.3011077,0.2986523,37.1523442,1545.5075004,56107.5902967,23.7240271
2017-04-11 15:35:30.000,60.3197822,28.8911669,10.5038202,-0.1707414,0.3713202,0.3682922,37.1812352,1545.5704007,56146.8742063,23.7411158
2017-04-11 15:35:41.000,60.2944454,28.9029528,10.5310733,0.9081670,0.3985733,0.3953231,37.1543660,1545.5677487,56111.5327544,23.7170680
2017-04-11 15:35:52.000,60.2954418,28.9007187,10.4936661,-0.0062709,0.3611661,0.3582210,37.1568160,1545.5649298,56114.6884232,23.7195013
2017-04-11 15:36:03.000,60.2684343,28.8932907,10.6247476,1.2420187,0.4922476,0.4882335,37.1437563,1545.5375714,56096.9603984,23.7127365
2017-04-11 15:36:14.000,60.2885554,28.8918565,10.6059849,-0.3007995,0.4734849,0.4696238,37.1589029,1545.5501179,56117.1196125,23.7245275
2017-04-11 15:36:25.000,60.2827658,28.8919359,10.5671837,-0.2948409,0.4346837,0.4311391,37.1548184,1545.5453395,56111.6514970,23.7212639
2017-04-11 15:36:36.000,60.2928594,28.8995650,10.4938369,0.3584292,0.3613369,0.3583903,37.1559173,1545.5615283,56113.4357725,23.7192140
2017-04-11 15:36:47.000,60.3007132,28.9026659,10.6016504,5.6096559,0.4691504,0.4653247,37.1589352,1545.5731295,56117.6519408,23.7209014
2017-04-11 15:36:58.000,60.3000500,28.9041187,10.5980647,0.1410824,0.4655647,0.4617682,37.1573399,1545.5744897,56115.5855608,23.7191983
2017-04-11 15:37:09.000,60.3190370,28.9285300,10.5837442,-0.1255784,0.4512442,0.4475645,37.1515151,1545.6201534,56108.9093334,23.7065521
2017-04-11 15:37:20.000,60.2925804,28.9097717,10.6647955,2.1164926,0.5322955,0.5279548,37.1477028,1545.5775368,56102.9971332,23.7103371
2017-04-11 15:37:31.000,60.2570876,28.8764126,10.5752205,0.3923761,0.4427205,0.4391103,37.1490410,1545.5062846,56103.2333612,23.7221681
2017-04-11 15:37:42.000,60.2446908,28.8580948,10.4790092,-0.2946656,0.3465092,0.3436836,37.1547348,1545.4715501,56109.9690668,23.7321896
2017-04-11 15:37:53.000,60.2528230,28.8650051,10.5783503,0.3332473,0.4458503,0.4422146,37.1549763,1545.4882308,56110.6455212,23.7304752
2017-04-11 15:38:04.000,59.8051536,28.8297013,10.5293436,4.2922484,0.3968436,0.3936075,36.8704551,1545.1128349,55728.7465862,23.5281708
2017-04-11 15:38:15.000,60.2008748,28.8311703,10.6110762,7.3065456,0.4785762,0.4746736,37.1451695,1545.4062081,56096.0282319,23.7345963
2017-04-11 15:38:26.000,48.8489671,28.8489659,10.3437234,4.9223230,0.2112234,0.2095010,29.3586164,1537.2776995,45503.7477462,17.8853421
2017-04-11 15:38:37.000,60.2192314,28.8455940,10.5895646,0.6507969,0.4570646,0.4533374,37.1467119,1545.4382825,56098.7320379,23.7308244
2017-04-11 15:38:48.000,60.1376458,28.8524721,10.5326161,0.5035614,0.4001161,0.3968533,37.0844742,1545.3865741,56015.8735635,23.6814722
2017-04-11 15:38:59.000,60.2734085,28.8758086,10.5914280,0.2534947,0.4589280,0.4551856,37.1608843,1545.5177197,56119.0319691,23.7313458
2017-04-11 15:39:10.000,59.5939311,28.8404117,10.6130662,2.3327293,0.4805662,0.4766474,36.7150440,1544.9737821,55521.3374683,23.4080951
2017-04-11 15:39:21.000,60.1866630,28.8513867,10.6133946,0.0421065,0.4808946,0.4769730,37.1194705,1545.4224130,56062.6138028,23.7084971
2017-04-11 15:39:32.000,60.2301916,28.8369429,10.8633151,1.1120181,0.7308151,0.7248556,37.1610319,1545.4394744,56117.5805342,23.7456646
2017-04-11 15:39:43.000,60.1942036,28.8034623,10.6992848,0.3327798,0.5667848,0.5621629,37.1621438,1545.3663146,56117.4854973,23.7570314
2017-04-11 15:39:54.000,60.2433118,28.8469476,10.7609343,1.6169426,0.6284343,0.6233097,37.1623960,1545.4605539,56119.8131090,23.7428958
2017-04-11 15:40:05.000,60.2163684,28.8205349,13.5172941,0.0532660,3.3847941,3.3571923,37.1633962,1545.4516307,56121.0881117,23.7642758
2017-04-11 15:40:16.000,60.1242802,28.6967114,16.9675932,0.0763446,6.8350932,6.7793554,37.1949232,1545.2777841,56159.0477710,23.8442013
2017-04-11 15:40:27.000,60.1069951,28.6789762,21.5087877,0.0652435,11.3762877,11.2835182,37.1953305,1545.3166780,56160.6720001,23.8698264
2017-04-11 15:40:38.000,60.0511293,28.6337795,25.7509007,0.0840569,15.6184007,15.4910383,37.1903576,1545.2858319,56153.7665074,23.8993068
2017-04-11 15:40:49.000,60.2886855,28.6661073,29.6744165,0.0854008,19.5419165,19.3825591,37.3300800,1545.5684931,56343.3732198,24.0103363
2017-04-11 15:41:00.000,60.4549818,28.7199322,33.7528193,0.1298636,23.6203193,23.4277040,37.4028329,1545.8292315,56444.5562903,24.0644325
2017-04-11 15:41:11.000,59.8245018,28.2628514,38.5808281,0.1927308,28.4483281,28.2163421,37.3192742,1544.8360665,56314.9293921,24.1745958
2017-04-11 15:41:22.000,59.7004387,28.1174854,40.2393817,0.2087397,30.1068817,29.8613709,37.3462795,1544.5758877,56345.4092495,24.2501595
2017-04-11 15:41:33.000,59.6901185,28.0994842,40.8769468,0.2192566,30.7444468,30.4937369,37.3530608,1544.5544840,56353.9558984,24.2639401
2017-04-11 15:41:44.000,59.6610309,28.0798620,42.8534561,0.2488790,32.7209561,32.4541285,37.3474295,1544.5389430,56346.4315490,24.2746283
2017-04-11 15:41:55.000,59.4240789,27.8915609,45.7749136,0.2685688,35.6424136,35.3517625,37.3281231,1544.1550169,56313.9275627,24.3346746
2017-04-11 15:42:06.000,59.3876406,27.8546470,46.8580392,0.2622587,36.7255392,36.4260556,37.3312618,1544.0953894,56317.0247206,24.3538096
2017-04-11 15:42:17.000,59.3957927,27.8622764,46.9155058,0.2605059,36.7830058,36.4830535,37.3309657,1544.1128292,56316.9730809,24.3513230
2017-04-11 15:42:28.000,59.4025579,27.8662171,46.5245277,0.2737104,36.3920277,36.0952637,37.3327601,1544.1168159,56319.3683015,24.3497077
2017-04-11 15:42:39.000,59.4162467,27.8742669,45.9547591,0.2606812,35.8222591,35.5301414,37.3362598,1544.1286333,56324.1362484,24.3472608
2017-04-11 15:42:50.000,59.4085907,27.8727119,46.0101646,0.2772744,35.8776646,35.5850951,37.3320409,1544.1216816,56318.4643305,24.3448321
2017-04-11 15:43:01.000,59.3925141,27.8594601,47.8074716,0.2820070,37.6749716,37.3677457,37.3305959,1544.1212553,56316.7367435,24.3557814
2017-04-11 15:43:12.000,59.3711040,27.8427089,48.6389446,0.3063125,38.5064446,38.1924384,37.3284480,1544.0961131,56313.5197182,24.3632247
2017-04-11 15:43:23.000,59.3608625,27.8316222,48.1777356,0.2835845,38.0452356,37.7349904,37.3301370,1544.0657295,56315.1167150,24.3661709
2017-04-11 15:43:34.000,59.3563297,27.8264711,47.4981992,0.2929912,37.3656992,37.0609954,37.3312289,1544.0441046,56316.0728389,24.3657829
2017-04-11 15:43:45.000,59.3726446,27.8377480,46.7548285,0.2751126,36.6223285,36.3236865,37.3340853,1544.0594468,56320.0427770,24.3610514
2017-04-11 15:43:56.000,59.3881154,27.8502349,45.9089936,0.2782092,35.7764936,35.4847491,37.3354094,1544.0740962,56321.9759023,24.3543293
2017-04-11 15:44:07.000,59.4485733,27.8949833,43.6502310,0.2357914,33.5177310,33.2444059,37.3434641,1544.1430071,56333.6503095,24.3360234
2017-04-11 15:44:18.000,59.6628981,28.0697145,41.5942482,0.2197240,31.4617482,31.2051889,37.3572013,1544.5058912,56358.5113297,24.2799604
2017-04-11 15:44:29.000,59.6625990,28.0777603,39.7264693,0.2152251,29.5939693,29.3526411,37.3511889,1544.4856754,56350.0489131,24.2647983
2017-04-11 15:44:40.000,59.6789220,28.0926724,38.2883274,0.1990993,28.1558274,27.9262267,37.3513567,1544.4942203,56350.3070343,24.2538537
2017-04-11 15:44:51.000,59.6901613,28.1039959,36.6370354,0.1813960,26.5045354,26.2884004,37.3508413,1544.4906033,56349.4119272,24.2426696
2017-04-11 15:45:02.000,59.7379011,28.1427374,35.1761723,0.1853106,25.0436723,24.8394502,37.3543283,1544.5542358,56355.1131070,24.2262408
2017-04-11 15:45:13.000,59.7942629,28.1837768,33.9929674,0.1714050,23.8604674,23.6658939,37.3619873,1544.6318528,56366.6021356,24.2133667
2017-04-11 15:45:24.000,59.7924888,28.1870623,34.1291912,0.1572073,23.9966912,23.8010067,37.3580865,1544.6371833,56361.5955351,24.2099239
2017-04-11 15:45:35.000,59.8669508,28.2408889,33.3611113,0.1624073,23.2286113,23.0391903,37.3682430,1544.7521132,56377.1500887,24.1964491
2017-04-11 15:45:46.000,59.8905463,28.2644846,33.8993311,0.1537601,23.7668311,23.5730211,37.3660305,1544.8101305,56375.4440118,24.1892549
2017-04-11 15:45:57.000,59.8951283,28.2700055,34.2394294,0.1636343,24.1069294,23.9103460,37.3647836,1544.8265372,56374.1613130,24.1879366
2017-04-11 15:46:08.000,59.8546923,28.2360940,35.2091577,0.1759039,25.0766577,24.8721666,37.3628121,1544.7670736,56370.4678086,24.2018427
2017-04-11 15:46:19.000,59.8053207,28.2018921,36.4451928,0.1792926,26.3126928,26.0981222,37.3546702,1544.7048684,56358.6437037,24.2123296
2017-04-11 15:46:30.000,59.7584491,28.1606456,37.8390029,0.1847848,27.7065029,27.4805663,37.3538164,1544.6375806,56356.3126217,24.2313001
2017-04-11 15:46:41.000,59.7417360,28.1444870,39.8557022,0.2007353,29.7232022,29.4808202,37.3541847,1544.6366943,56356.9541087,24.2455380
2017-04-11 15:46:52.000,59.6721317,28.0892608,41.9601505,0.2175038,31.8276505,31.5681075,37.3481069,1544.5451552,56347.3622916,24.2682167
2017-04-11 15:47:03.000,59.5425032,28.0246456,44.3476347,0.2612070,34.2151347,33.9361225,37.3068529,1544.4004334,56290.5566283,24.2686995
2017-04-11 15:47:14.000,59.4023298,27.8683820,46.7376968,0.3034496,36.6051968,36.3066945,37.3308086,1544.1231004,56316.9442865,24.3484367
2017-04-11 15:47:25.000,59.1251594,27.6452967,49.2465280,0.2953283,39.1140280,38.7950671,37.3104120,1543.6513801,56281.5259013,24.4169974
2017-04-11 15:47:36.000,59.0124738,27.5548362,52.0996201,0.3147260,41.9671201,41.6248933,37.3012495,1543.4890774,56266.8017615,24.4518687
2017-04-11 15:47:47.000,58.8032231,27.3847338,54.7597644,0.3429461,44.6272644,44.2633451,37.2866095,1543.1396003,56241.5113179,24.5076686
2017-04-11 15:47:58.000,58.6272981,27.2601615,57.3606078,0.4307616,47.2281078,46.8429795,37.2592622,1542.8757240,56201.1460980,24.5386588
2017-04-11 15:48:09.000,58.3063390,26.9702557,60.0877652,0.5538084,49.9552652,49.5478979,37.2598371,1542.2698391,56191.7380881,24.6445145
2017-04-11 15:48:20.000,58.2286294,26.9006963,62.9489212,0.6303476,52.8164212,52.3857222,37.2587136,1542.1593822,56188.7909317,24.6783146
2017-04-11 15:48:31.000,58.2000071,26.8643428,66.2949210,0.7258754,56.1624210,55.7044366,37.2661976,1542.1412320,56198.8259829,24.7099723
2017-04-11 15:48:42.000,57.4256710,26.5450017,70.0992001,1.0705935,59.9667001,59.4776931,36.9600819,1541.1509681,55779.6399449,24.5976432
2017-04-11 15:48:53.000,56.6246191,25.5439049,74.0654633,1.1784494,63.9329633,63.4116129,37.1816254,1539.1284927,56042.4178117,25.0975232
2017-04-11 15:49:04.000,56.2279505,25.1996162,79.6244941,1.2074875,69.4919941,68.9253118,37.1670482,1538.3905025,56014.3860946,25.2172110
2017-04-11 15:49:15.000,55.8753088,24.8727934,81.9710158,1.1505798,71.8385158,71.2526985,37.1715014,1537.6529184,56011.3966353,25.3312563
2017-04-11 15:49:26.000,55.9250574,24.8591532,83.6622746,1.1509888,73.5297746,72.9301657,37.2195656,1537.7004169,56075.9113919,25.3790656
2017-04-11 15:49:37.000,55.8447308,24.8033793,85.7365775,1.0204633,75.6040775,74.9875533,37.2046223,1537.5848700,56055.2437525,25.3937574
2017-04-11 15:49:48.000,55.4200151,24.4965253,88.0156262,0.8409762,77.8831262,77.2480172,37.1377213,1536.8085257,55958.1289716,25.4464866
2017-04-11 15:49:59.000,55.2685195,24.3713548,90.1178998,0.7979156,79.9853998,79.3331475,37.1261825,1536.5266014,55940.2003898,25.4847454
2017-04-11 15:50:10.000,55.1978404,24.3324404,91.7720557,0.8497986,81.6395557,80.9738144,37.1043464,1536.4357038,55910.7238092,25.4871021
2017-04-11 15:50:21.000,55.1419481,24.3020426,93.6091032,0.9020322,83.4766032,82.7958815,37.0865616,1536.3729569,55886.9765644,25.4907276
2017-04-11 15:50:32.000,55.1017688,24.2666818,95.3638160,0.8471694,85.2313160,84.5362852,37.0848327,1536.3140343,55884.5082793,25.5076472
2017-04-11 15:50:43.000,55.0740073,24.2469132,98.1858987,0.7793943,88.0533987,87.3353548,37.0792133,1536.3068519,55877.7504941,25.5214991
2017-04-11 15:50:54.000,55.0577695,24.2297112,100.5377385,0.8768502,90.4052385,89.6680162,37.0803711,1536.3053988,55879.9034088,25.5376830
2017-04-11 15:51:05.000,55.0376559,24.2189555,103.0524292,0.8448324,92.9199292,92.1622005,37.0731711,1536.3133734,55871.1387506,25.5462926
2017-04-11 15:51:16.000,55.0204591,24.2061127,105.4513490,0.8547065,95.3188490,94.5415579,37.0699584,1536.3186106,55867.5933173,25.5580519
2017-04-11 15:51:27.000,54.9950400,24.1831278,108.2389274,0.7817898,98.1064274,97.3064046,37.0687883,1536.3076954,55866.6865367,25.5760854
2017-04-11 15:51:38.000,54.9573876,24.1571521,111.2090480,0.7878078,101.0765480,100.2523050,37.0607328,1536.2849836,55856.5890384,25.5905877
2017-04-11 15:51:49.000,54.8509618,24.0765751,113.8568448,0.7267518,103.7243448,102.8785100,37.0458103,1536.1151529,55835.7603832,25.6149225
2017-04-11 15:52:00.000,54.3865690,23.8879399,116.3632476,0.5149546,106.2307476,105.3644740,36.8473417,1535.4760083,55566.8277393,25.5319291
2017-04-11 15:52:11.000,54.0645067,23.4572080,118.6391872,0.6117094,108.5066872,107.6218540,36.9583141,1534.5627676,55706.0139543,25.7538760
2017-04-11 15:52:22.000,54.0672112,23.4584531,120.5490106,0.4685053,110.4165106,109.5161035,36.9586997,1534.5982694,55707.4356822,25.7620284
2017-04-11 15:52:33.000,54.0701028,23.4606333,121.8184750,0.5097546,111.6859750,110.7752159,36.9586670,1534.6249388,55708.0247954,25.7668280
2017-04-11 15:52:44.000,54.0729667,23.4610650,122.7876821,0.4711929,112.6551821,111.7365195,36.9601798,1534.6438909,55710.5022375,25.7720225
2017-04-11 15:52:55.000,54.0700724,23.4590950,123.8767797,0.4863255,113.7442797,112.8167358,36.9592236,1534.6561423,55709.6799589,25.7765722
2017-04-11 15:53:06.000,54.0710250,23.4595266,125.2140643,0.5096962,115.0815643,114.1431154,36.9591367,1534.6795092,55710.1881974,25.7821396
2017-04-11 15:53:17.000,54.0718467,23.4595432,126.6013249,0.4991794,116.4688249,115.5190634,36.9592793,1534.7029234,55711.0166175,25.7882189
2017-04-11 15:53:28.000,54.0729400,23.4599859,128.1476518,0.4750491,118.0151518,117.0527805,36.9592199,1534.7298462,55711.6577123,25.7947040
2017-04-11 15:53:39.000,54.0368114,23.4315879,129.6714414,0.4039437,119.5389414,118.5641442,36.9546157,1534.6791869,55705.5646990,25.8061754
2017-04-11 15:53:50.000,53.7528338,23.2027731,131.1275846,0.3467439,120.9950846,120.0084130,36.9264570,1534.0975107,55663.6000865,25.8585312
2017-04-11 15:54:01.000,53.3855079,22.9437856,132.2324402,0.3919078,122.0999402,121.1042589,36.8584595,1533.3858890,55567.8632047,25.8875325
2017-04-11 15:54:12.000,53.1079858,22.8168339,133.6079199,0.3522360,123.4754199,122.4685221,36.7484676,1532.9651419,55418.8679594,25.8469686
2017-04-11 15:54:23.000,52.9559355,22.6046343,134.6448509,0.2978990,124.5123509,123.4969973,36.8078802,1532.5047416,55494.9099777,25.9580192
2017-04-11 15:54:34.000,52.7033095,22.3693054,135.5220553,0.2723081,125.3895553,124.3670484,36.8081111,1531.9138786,55491.5528710,26.0297636
2017-04-11 15:54:45.000,52.8835029,22.5466677,135.1760319,0.3217372,125.0435319,124.0238467,36.7998485,1532.3559499,55483.3789919,25.9709515
2017-04-11 15:54:56.000,52.1967664,22.0729548,136.1947511,0.2689194,126.0622511,125.0342587,36.6590949,1530.9923835,55287.7124042,26.0041803
2017-04-11 15:55:07.000,52.1221342,21.9566429,136.9306120,0.2901867,126.7981120,125.7641188,36.6983245,1530.7444661,55338.8792369,26.0702162
2017-04-11 15:55:18.000,52.1854984,22.0148585,136.8208076,0.2959125,126.6883076,125.6552098,36.6991842,1530.8955806,55340.8219896,26.0538670
2017-04-11 15:55:29.000,52.2788132,22.0664738,136.5383382,0.2911215,126.4058382,125.3750439,36.7293824,1531.0587104,55381.8793637,26.0609142
2017-04-11 15:55:40.000,52.2607165,22.0755073,136.2573253,0.2671081,126.1248253,125.0963226,36.7075017,1531.0534284,55352.5909988,26.0405033
2017-04-11 15:55:51.000,52.2737486,22.0776480,135.8581596,0.2644205,125.7256596,124.7004119,36.7161384,1531.0618534,55363.9964995,26.0447304
2017-04-11 15:56:02.000,52.2049044,22.0197047,135.4763778,0.2619666,125.3438778,124.3217434,36.7109191,1530.8987025,55355.9675684,26.0555940
2017-04-11 15:56:13.000,52.2059079,22.0083828,135.1177547,0.2636025,124.9852547,123.9660448,36.7214489,1530.8747860,55369.7279180,26.0652618
2017-04-11 15:56:24.000,52.9359643,22.5299280,133.8986716,0.3344742,123.7661716,122.7569028,36.8555869,1532.3527931,55557.0560135,26.0125822
2017-04-11 15:56:35.000,54.0042390,23.3523694,131.3450895,0.4682716,121.2125895,120.2241443,36.9952970,1534.5528664,55758.9591350,25.8676227
2017-04-11 15:56:46.000,54.1387856,23.5043371,129.3440629,0.4646491,119.2115629,118.2394353,36.9724201,1534.8752520,55730.8580469,25.7967349
2017-04-11 15:56:57.000,54.1376385,23.5104453,127.2510048,0.4823525,117.1185048,116.1634454,36.9671450,1534.8497418,55722.9850466,25.7819123
2017-04-11 15:57:08.000,54.1404480,23.5092546,124.7681874,0.5503613,114.6356874,113.7008745,36.9711571,1534.8095855,55727.1812466,25.7746120
2017-04-11 15:57:19.000,54.1387328,23.5124556,123.1051228,0.5580152,112.9726228,112.0513715,36.9677295,1534.7860156,55721.9090880,25.7639023
2017-04-11 15:57:30.000,54.1473890,23.5181492,122.3617464,0.5241276,112.2292464,111.3140571,36.9698865,1534.7901592,55724.5813943,25.7606488
2017-04-11 15:57:41.000,54.1623445,23.5302691,121.9150781,0.5506534,111.7825781,110.8710312,36.9714142,1534.8146397,55726.6965380,25.7562920
2017-04-11 15:57:52.000,54.1740205,23.5400531,121.3520617,0.5144288,111.2195617,110.3126060,36.9724104,1534.8307473,55727.9948606,25.7517224
2017-04-11 15:58:03.000,54.1795682,23.5442918,120.9189331,0.5370400,110.7864331,109.8830095,36.9732832,1534.8350374,55729.0604438,25.7492620
2017-04-11 15:58:14.000,54.2029151,23.5612662,120.4938633,0.5593590,110.3613633,109.4614059,36.9771966,1534.8745774,55734.4885330,25.7453646
2017-04-11 15:58:25.000,54.2666594,23.6051337,119.9668854,0.5342355,109.8343854,108.9387254,36.9897164,1534.9888516,55752.0012106,25.7395672
2017-04-11 15:58:36.000,54.2958226,23.6321058,119.4142386,0.5376826,109.2817386,108.3905852,36.9897720,1535.0468870,55752.4546969,25.7292184
2017-04-11 15:58:47.000,54.3479352,23.6749343,118.1808458,0.5919027,108.0483458,107.1672503,36.9944314,1535.1379564,55759.1293420,25.7147062
2017-04-11 15:58:58.000,54.3594279,23.6831025,117.0063828,0.6008420,106.8738828,106.0023646,36.9968325,1535.1412337,55761.9949525,25.7090387
2017-04-11 15:59:09.000,54.3951291,23.7095081,116.1478819,0.5815028,106.0153819,105.1508645,37.0024683,1535.1986659,55769.7643275,25.7017546
2017-04-11 15:59:20.000,54.3619190,23.6884783,115.8826558,0.5860016,105.7501558,104.8878012,36.9946392,1535.1334047,55758.6774380,25.7009384
2017-04-11 15:59:31.000,54.3396747,23.6867178,115.4421974,0.5885140,105.3096974,104.4509346,36.9791886,1535.1048221,55737.7840008,25.6878568
2017-04-11 15:59:42.000,54.4462343,23.7649158,114.8385636,0.5918443,104.7060636,103.8522232,36.9958519,1535.3071712,55761.6577877,25.6745974
2017-04-11 15:59:53.000,54.5966379,23.8621105,114.1237602,0.6121184,103.9912602,103.1432488,37.0301815,1535.5734591,55809.5861009,25.6685172
2017-04-11 16:00:04.000,54.6320975,23.8885305,113.3304641,0.6205903,103.1979641,102.3564217,37.0355416,1535.6313690,55817.0412328,25.6612637
2017-04-11 16:00:15.000,54.5685371,23.8750600,112.4707637,0.5841904,102.3382637,101.5037318,36.9984588,1535.5433155,55766.7614208,25.6334983
2017-04-11 16:00:26.000,54.6262434,23.8798507,111.8072007,0.5600017,101.6747007,100.8455800,37.0388227,1535.5879621,55820.5151031,25.6597888
2017-04-11 16:00:37.000,54.6572543,23.8889873,110.9801018,0.5502444,100.8476018,100.0252258,37.0551994,1535.6145223,55842.2458084,25.6659031
2017-04-11 16:00:48.000,54.6553647,23.9094661,110.3253942,0.6018353,100.1928942,99.3758570,37.0369007,1535.6342835,55818.0089814,25.6430957
2017-04-11 16:00:59.000,54.6289749,23.8911547,109.6032823,0.5935971,99.4707823,98.6596337,37.0322380,1535.5718508,55810.9928741,25.6419332
2017-04-11 16:01:10.000,54.6392011,23.9054200,108.8813413,0.6311071,98.7488413,97.9435799,37.0284110,1535.5908673,55805.9060971,25.6316593
2017-04-11 16:01:21.000,54.8410878,24.0480190,108.2113282,0.7594124,98.0788282,97.2790306,37.0639688,1535.9700510,55856.7214600,25.6129652
2017-04-11 16:01:32.000,54.9318831,24.1257621,107.5580274,0.7085226,97.4255274,96.6310572,37.0686641,1536.1553692,55864.7088805,25.5903384
2017-04-11 16:01:43.000,54.9563998,24.1451727,106.9303842,0.7186305,96.7978842,96.0085321,37.0713936,1536.1954812,55868.5773824,25.5838627
2017-04-11 16:01:54.000,54.9740910,24.1575718,106.3048162,0.7172282,96.1723162,95.3880654,37.0747563,1536.2190842,55873.1105302,25.5799843
2017-04-11 16:02:05.000,54.9878708,24.1651938,105.6915405,0.7296731,95.5590405,94.7797908,37.0791095,1536.2322378,55878.8477076,25.5783469
2017-04-11 16:02:16.000,55.0473433,24.1985471,104.8998734,0.7769404,94.7673734,93.9945794,37.0968715,1536.3200395,55903.0939020,25.5783400
2017-04-11 16:02:27.000,55.0414304,24.2167653,104.3260358,0.7685854,94.1935358,93.4254213,37.0774273,1536.3339639,55877.3432430,25.5556543
2017-04-11 16:02:38.000,55.1536015,24.2953401,103.6144266,0.7798617,93.4819266,92.7196150,37.0975806,1536.5361687,55906.0410891,25.5441289
2017-04-11 16:02:49.000,55.2041878,24.2879317,102.9028734,0.7710393,92.7703734,92.0138643,37.1423742,1536.5547237,55965.3446965,25.5772225
2017-04-11 16:03:00.000,55.1541194,24.2886103,102.3831535,0.7564326,92.2506535,91.4983825,37.1039806,1536.5060312,55913.8513126,25.5457131
2017-04-11 16:03:11.000,55.1904376,24.3042527,101.7496827,0.7819651,91.6171827,90.8700775,37.1187621,1536.5496769,55933.7282628,25.5494523
2017-04-11 16:03:22.000,55.2316784,24.3236808,101.1891866,0.7893853,91.0566866,90.3141520,37.1340983,1536.6043707,55954.4813613,25.5527779
2017-04-11 16:03:33.000,55.2676451,24.3524671,100.7244639,0.7751876,90.5919639,89.8532189,37.1376147,1536.6706568,55959.7484436,25.5447311
2017-04-11 16:03:44.000,55.2884480,24.3612533,100.2157426,0.7723247,90.0832426,89.3486460,37.1462589,1536.6929372,55971.3013191,25.5464279
2017-04-11 16:03:55.000,55.2870823,24.3720062,99.7993018,0.7898527,89.6668018,88.9356012,37.1364325,1536.7015301,55958.2841209,25.5339420
2017-04-11 16:04:06.000,55.2741090,24.3636564,99.4383500,0.8262526,89.3058500,88.5775928,37.1336561,1536.6721097,55954.1852589,25.5328164
2017-04-11 16:04:17.000,55.2564294,24.3563351,99.2015006,0.7927741,89.0690006,88.3426748,37.1264144,1536.6424318,55944.2074322,25.5285319
2017-04-11 16:04:28.000,55.2534142,24.3518103,98.8804949,0.7906123,88.7479949,88.0242868,37.1279951,1536.6277276,55946.0499629,25.5297178
2017-04-11 16:04:39.000,55.2541445,24.3553358,98.5794931,0.8348414,88.4469931,87.7257396,37.1257227,1536.6288216,55942.9752069,25.5256360
2017-04-11 16:04:50.000,55.2537835,24.3501206,98.8473963,0.8034662,88.7148963,87.9914581,37.1296898,1536.6248877,55948.2522184,25.5313699
2017-04-11 16:05:01.000,55.2461895,24.3477124,98.7096956,0.8181313,88.5771956,87.8548803,37.1259787,1536.6126808,55943.1683117,25.5286970
2017-04-11 16:05:12.000,55.2605462,24.3509289,98.4564980,0.8215785,88.3239980,87.6037475,37.1342782,1536.6252848,55954.2251104,25.5329181
2017-04-11 16:05:23.000,55.2728216,24.3576151,98.1583384,0.8049853,88.0258384,87.3080192,37.1381318,1536.6407781,55959.4185583,25.5325295
2017-04-11 16:05:34.000,55.3813142,24.4516877,97.8881655,0.8880682,87.7556655,87.0400495,37.1422997,1536.8699332,55967.4481624,25.5060109
2017-04-11 16:05:45.000,55.3640299,24.4218089,97.7373013,0.8622435,87.6048013,86.8904156,37.1540667,1536.8074370,55982.2673088,25.5233332
2017-04-11 16:05:56.000,55.3853614,24.4522500,97.6349284,0.9332321,87.5024284,86.7888775,37.1449815,1536.8699629,55970.9307128,25.5067815
2017-04-11 16:06:07.000,55.4454037,24.4740433,97.3613952,0.8585627,87.2288952,86.5175748,37.1724179,1536.9480995,56008.0478264,25.5197581
2017-04-11 16:06:18.000,55.2097675,24.3201403,97.3449158,0.7878662,87.2124158,86.5012298,37.1217209,1536.5178907,55936.1158409,25.5279453
2017-04-11 16:06:29.000,55.2071908,24.3227662,97.2200453,0.7784595,87.0875453,86.3773776,37.1176271,1536.5177714,55930.6631091,25.5235146
2017-04-11 16:06:40.000,55.1923840,24.3158146,97.1058164,0.7796865,86.9733164,86.2640802,37.1122075,1536.4930033,55923.1849415,25.5210221
2017-04-11 16:06:51.000,55.2362410,24.3728148,97.0029334,0.8138077,86.8704334,86.1620362,37.0981778,1536.6151762,55905.9516523,25.4927117
2017-04-11 16:07:02.000,55.2651153,24.3530846,96.9390879,0.8281223,86.8065879,86.0987113,37.1364657,1536.6074898,55956.5187302,25.5273965
2017-04-11 16:07:13.000,55.1802671,24.3019080,96.9985393,0.8078482,86.8660393,86.1576779,37.1146026,1536.4598314,55925.9590796,25.5265781
2017-04-11 16:07:24.000,55.1675741,24.2903375,97.0485676,0.7996100,86.9160676,86.2072983,37.1145662,1536.4323549,55925.6209169,25.5302625
2017-04-11 16:07:35.000,55.1678301,24.2934501,97.1461647,0.7589450,87.0136647,86.3040995,37.1121411,1536.4389670,55922.5101738,25.5279055
2017-04-11 16:07:46.000,55.1697490,24.2915825,97.0970881,0.8124639,86.9645881,86.2554230,37.1151660,1536.4368613,55926.4774863,25.5305491
2017-04-11 16:07:57.000,55.1694551,24.2924574,97.6283477,0.8630615,87.4958477,86.7823505,37.1140358,1536.4466750,55925.2322077,25.5317140
2017-04-11 16:08:08.000,55.1623367,24.2890253,98.7131577,0.8375290,88.5806577,87.8583142,37.1111168,1536.4532961,55921.7323684,25.5352067
2017-04-11 16:08:19.000,55.1576613,24.2809224,100.0403847,0.7888595,89.9078847,89.1747181,37.1138511,1536.4586910,55925.7671836,25.5454336
2017-04-11 16:08:30.000,55.1513985,24.2799580,101.4852728,0.7651382,91.3527728,90.6078237,37.1094083,1536.4757222,55920.4616286,25.5485753
2017-04-11 16:08:41.000,55.0762739,24.2249101,103.0346148,0.7703382,92.9021148,92.1445314,37.0975751,1536.3541410,55903.8871818,25.5628986
2017-04-11 16:08:52.000,54.9093516,24.1135986,104.5337789,0.6425588,94.4012789,93.6314703,37.0626550,1536.0683046,55854.9914967,25.5764361
2017-04-11 16:09:03.000,54.8078110,24.0367031,106.1412102,0.6207656,96.0087102,95.2257936,37.0487216,1535.8909515,55835.1196885,25.5959069
2017-04-11 16:09:14.000,54.8004909,24.0227202,106.5293628,0.6191296,96.3968628,95.6107810,37.0546483,1535.8694536,55842.8561243,25.6062633
2017-04-11 16:09:25.000,54.8438677,24.0541917,106.7364405,0.6179611,96.6039405,95.8161700,37.0614509,1535.9578055,55852.8458617,25.6028580
2017-04-11 16:09:36.000,54.7962161,24.0268745,107.0276404,0.7748955,96.8951404,96.1049952,37.0477594,1535.8805468,55833.9853871,25.6019429
2017-04-11 16:09:47.000,54.7933671,24.0194092,107.2293980,0.6167925,97.0968980,96.3051076,37.0517331,1535.8698537,55839.1951610,25.6080612
2017-04-11 16:09:58.000,54.7845997,24.0094439,107.3685552,0.6130532,97.2360552,96.4431300,37.0532959,1535.8493279,55841.0920595,25.6128339
2017-04-11 16:10:09.000,54.7849238,24.0102533,107.6149938,0.6440194,97.4824938,96.6875590,37.0527852,1535.8548951,55840.5424426,25.6132647
2017-04-11 16:10:20.000,54.8381275,24.0436790,107.3445138,0.6749272,97.2120138,96.4192847,37.0656205,1535.9466429,55858.4224411,25.6117898
2017-04-11 16:10:31.000,54.9545778,24.1412789,106.7813416,0.6921047,96.6488416,95.8607050,37.0732960,1536.1854911,55870.9492789,25.5858344
2017-04-11 16:10:42.000,54.9797304,24.1524295,106.9216090,0.7035563,96.7891090,95.9998285,37.0831144,1536.2258709,55884.4207556,25.5905157
2017-04-11 16:10:53.000,54.9523357,24.1394496,107.0899719,0.7004013,96.9574719,96.1668185,37.0730063,1536.1858553,55870.6544312,25.5874934
2017-04-11 16:11:04.000,54.9986158,24.1676172,107.0177401,0.6739340,96.8852401,96.0951757,37.0848177,1536.2665956,55887.1381185,25.5876443
2017-04-11 16:11:15.000,54.9576992,24.1170713,106.9492982,0.6751025,96.8167982,96.0272919,37.0957587,1536.1532471,55900.4000809,25.6108540
2017-04-11 16:11:26.000,54.8599137,24.0764857,106.8882710,0.6517318,96.7557710,95.9667624,37.0550739,1536.0082735,55844.9700730,25.5919834
2017-04-11 16:11:37.000,54.8101505,24.0287173,106.6966155,0.6214083,96.5641155,95.7766698,37.0569651,1535.8895444,55846.1808961,25.6069379
2017-04-11 16:11:48.000,54.8076539,24.0261877,106.3233815,0.6105993,96.1908815,95.4064793,37.0572944,1535.8774205,55846.3863655,25.6063405
2017-04-11 16:11:59.000,54.8251498,24.0368036,106.0089970,0.6243880,95.8764970,95.0946585,37.0619045,1535.9033085,55852.6743127,25.6052928
2017-04-11 16:12:10.000,54.8238021,24.0357704,105.4834687,0.6256150,95.3509687,94.5734157,37.0619160,1535.8919748,55852.4242126,25.6033503
2017-04-11 16:12:21.000,54.8298124,24.0420815,105.0322394,0.7199743,94.8997394,94.1258660,37.0613976,1535.8993930,55851.6884329,25.5991212
2017-04-11 16:12:32.000,54.8511127,24.0566442,104.5894669,0.6629497,94.4569669,93.6867042,37.0656626,1535.9324560,55857.5595014,25.5960730
2017-04-11 16:12:43.000,54.8260079,24.0521025,104.1846034,0.6417408,94.0521034,93.2851422,37.0504438,1535.8979624,55836.9266886,25.5841680
2017-04-11 16:12:54.000,54.9317814,24.1167134,103.8369001,0.6968373,93.7044001,92.9402743,37.0773794,1536.0802737,55874.4262846,25.5836521
2017-04-11 16:13:05.000,54.9893915,24.1556749,103.6583399,0.6801272,93.5258399,92.7631702,37.0888745,1536.1854237,55890.7193777,25.5798622
2017-04-11 16:13:16.000,55.0082113,24.1685854,103.4879556,0.7103923,93.3554556,92.5941753,37.0925106,1536.2181912,55895.8382028,25.5779940
2017-04-11 16:13:27.000,55.0265435,24.1803008,102.9926802,0.7295563,92.8601802,92.1029387,37.0968778,1536.2433667,55901.7556059,25.5756408
2017-04-11 16:13:38.000,54.9991841,24.1755483,102.7285202,0.6970710,92.5960202,91.8409328,37.0801110,1536.2090869,55879.1140541,25.5632394
2017-04-11 16:13:49.000,55.0076749,24.1764439,102.4985602,0.7017451,92.3660602,91.6128481,37.0859024,1536.2137174,55886.7693528,25.5663659
2017-04-11 16:14:00.000,55.0119499,24.1617744,102.4496001,0.7346394,92.3171001,91.5642872,37.1013745,1536.1937114,55907.0274727,25.5822913
2017-04-11 16:14:11.000,55.0494211,24.2082800,102.3916047,0.7650798,92.2591047,91.5067648,37.0912096,1536.2957247,55894.6516977,25.5603286
2017-04-11 16:14:22.000,55.0621685,24.2156115,102.3234406,0.7193316,92.1909406,91.4391566,37.0948269,1536.3164694,55899.6469810,25.5605635
2017-04-11 16:14:33.000,55.0757517,24.2264843,102.1121048,0.7492461,91.9796048,91.2295440,37.0961826,1536.3410299,55901.6510658,25.5574012
2017-04-11 16:14:44.000,55.0728054,24.2218179,101.9349098,0.7164102,91.8024098,91.0537941,37.0978831,1536.3284786,55903.7179564,25.5593344
2017-04-11 16:14:55.000,55.0920000,24.2312015,101.5502727,0.7133720,91.4177727,90.6722936,37.1047983,1536.3525169,55913.0297425,25.5600852
2017-04-11 16:15:06.000,55.1177964,24.2488354,101.2489835,0.7368012,91.1164835,90.3734612,37.1098386,1536.3961021,55920.0956031,25.5572838
2017-04-11 16:15:17.000,55.0878158,24.2375944,100.9985009,0.7133136,90.8660009,90.1250212,37.0964920,1536.3499112,55901.8556267,25.5494932
2017-04-11 16:15:28.000,55.0611905,24.2185802,100.6975064,0.7143069,90.5650064,89.8264812,37.0921674,1536.2936156,55895.4365321,25.5506602
2017-04-11 16:15:39.000,55.0813398,24.2291790,100.4523657,0.7213181,90.3198657,89.5833396,37.0987520,1536.3226102,55904.4024465,25.5513945
2017-04-11 16:15:50.000,55.0859218,24.2284227,100.1828780,0.7597629,90.0503780,89.3160495,37.1029541,1536.3208032,55909.8726735,25.5536454
2017-04-11 16:16:01.000,55.2817934,24.3405670,99.9244429,0.7684685,89.7919429,89.0597218,37.1585045,1536.6508643,55986.9586854,25.5607082
2017-04-11 16:16:12.000,55.3803073,24.4181390,99.5480757,0.8103605,89.4155757,88.6864237,37.1688288,1536.8448424,56002.6958203,25.5434062
2017-04-11 16:16:23.000,55.3841929,24.4285310,99.2617770,0.9190344,89.1292770,88.4024597,37.1632365,1536.8592851,55995.3858026,25.5347904
2017-04-11 16:16:34.000,55.9414456,24.8266818,98.8995709,1.0899912,88.7670709,88.0432072,37.2536286,1537.9146057,56127.2479436,25.4802409
2017-04-11 16:16:45.000,55.9749010,24.8593513,98.5881689,1.1306563,88.4556689,87.7343446,37.2518338,1537.9860139,56125.6763893,25.4675289
2017-04-11 16:16:56.000,55.9871363,24.8694751,98.4256098,1.1757033,88.2931098,87.5731111,37.2527024,1538.0085589,56127.0625781,25.4643822
2017-04-11 16:17:07.000,55.9902573,24.8771766,98.3727184,1.1799685,88.2402184,87.5206510,37.2486927,1538.0218466,56121.9151903,25.4587587
2017-04-11 16:17:18.000,55.9868274,24.8716495,98.3105818,1.1643685,88.1780818,87.4590212,37.2507100,1538.0097033,56124.4161236,25.4617138
2017-04-11 16:17:29.000,55.9769387,24.8643677,98.3632893,1.1187956,88.2307893,87.5112988,37.2492894,1537.9915525,56122.3279653,25.4630996
2017-04-11 16:17:40.000,55.9533444,24.8510351,98.4703011,1.0673800,88.3378011,87.6174380,37.2425595,1537.9540249,56112.9987701,25.4625575
2017-04-11 16:17:51.000,55.7101840,24.7137059,98.5994903,0.8996951,88.4669903,87.7455737,37.1732348,1537.5503700,56016.4943523,25.4526993
2017-04-11 16:18:02.000,55.4859240,24.5084561,98.6599937,0.8234481,88.5274937,87.8055838,37.1740629,1537.0552606,56011.7900271,25.5161310
2017-04-11 16:18:13.000,55.3456563,24.3997142,98.8122941,0.7848280,88.6797941,87.9566422,37.1581365,1536.7760498,55987.5795966,25.5377342
2017-04-11 16:18:24.000,55.3683246,24.4116147,98.8053363,0.7813224,88.6728363,87.9497411,37.1654245,1536.8128192,55997.6350383,25.5396141
2017-04-11 16:18:35.000,55.3673694,24.4091984,98.6688582,0.7605809,88.5363582,87.8143759,37.1667544,1536.8060889,55999.2827141,25.5407666
2017-04-11 16:18:46.000,55.3470668,24.3978771,98.5229504,0.7781089,88.3904504,87.6696580,37.1608292,1536.7696440,55990.9939145,25.5390854
2017-04-11 16:18:57.000,55.3451668,24.3951075,98.5129791,0.8593222,88.3804791,87.6597679,37.1616940,1536.7636662,55992.0681888,25.5405366
2017-04-11 16:19:08.000,55.4262664,24.4241357,98.3826175,0.9121985,88.2501175,87.5304695,37.1990472,1536.8726589,56042.6802820,25.5594526
2017-04-11 16:19:19.000,55.7625788,24.6915599,98.2670370,1.0522475,88.1345370,87.4158314,37.2311573,1537.5539570,56093.0344584,25.5018629
2017-04-11 16:19:30.000,55.9182852,24.8142968,98.1747118,1.1102069,88.0422118,87.3242591,37.2467140,1537.8651765,56117.3294709,25.4756917
2017-04-11 16:19:41.000,55.9136583,24.8215046,98.1932295,1.0468138,88.0607295,87.3426258,37.2372633,1537.8726215,56104.9347322,25.4664131
2017-04-11 16:19:52.000,55.9338335,24.8284869,98.2462037,1.0780137,88.1137037,87.3951680,37.2466321,1537.9004345,56117.6693896,25.4715885
2017-04-11 16:20:03.000,55.9618730,24.8526428,98.2230726,1.1624405,88.0905726,87.3722255,37.2477200,1537.9593205,56119.8235926,25.4649065
2017-04-11 16:20:14.000,55.9721678,24.8596967,98.1569067,1.1225934,88.0244067,87.3065992,37.2496396,1537.9772430,56122.5646992,25.4639110
2017-04-11 16:20:25.000,55.9753974,24.8629465,98.1206543,1.1577663,87.9881543,87.2706425,37.2493888,1537.9841760,56122.3099154,25.4625687
2017-04-11 16:20:36.000,55.9956678,24.8768991,98.1532286,1.1716719,88.0207286,87.3029511,37.2530590,1538.0222162,56127.6366389,25.4612042
2017-04-11 16:20:47.000,55.9958501,24.8776353,98.2254967,1.1554877,88.0929967,87.3746299,37.2525625,1538.0246604,56127.0281884,25.4609131
2017-04-11 16:20:58.000,55.9931178,24.8755343,98.2938371,1.2140898,88.1613371,87.4424130,37.2522259,1538.0203946,56126.5471268,25.4615966
2017-04-11 16:21:09.000,56.0036903,24.8831573,98.2011777,1.1620899,88.0686777,87.3505092,37.2538900,1538.0389524,56128.9529506,25.4601181
2017-04-11 16:21:20.000,55.9801571,24.8665363,98.1009332,1.1513978,87.9684332,87.2510821,37.2500006,1537.9931341,56123.2239556,25.4618456
2017-04-11 16:21:31.000,55.9868917,24.8669440,97.9973726,1.1617393,87.8648726,87.1483660,37.2547566,1537.9975152,56129.5376207,25.4648735
2017-04-11 16:21:42.000,55.9773231,24.8655907,97.9123121,1.1321169,87.7798121,87.0639992,37.2487176,1537.9863130,56121.3989735,25.4603551
2017-04-11 16:21:53.000,55.9765937,24.8632749,97.6436754,1.1553124,87.5111754,86.7975531,37.2501759,1537.9778184,56123.1564769,25.4610149
2017-04-11 16:22:04.000,55.9755298,24.8625049,97.4660348,1.1658876,87.3335348,86.6213611,37.2500735,1537.9728785,56122.9173893,25.4604107
2017-04-11 16:22:15.000,55.9799084,24.8640166,97.2429456,1.1567146,87.1104456,86.4000912,37.2521866,1537.9750544,56125.6826303,25.4605873
2017-04-11 16:22:26.000,55.9899274,24.8724027,97.1669623,1.1956853,87.0344623,86.3247274,37.2527988,1537.9945950,56126.7142725,25.4581514
2017-04-11 16:22:37.000,56.0007972,24.8802292,97.0089129,1.2050920,86.8764129,86.1679669,37.2545399,1538.0126299,56129.1995820,25.4563882
2017-04-11 16:22:48.000,56.0007482,24.8818150,96.8345781,1.2002426,86.7020781,85.9950538,37.2532498,1538.0121229,56127.4465934,25.4541769
2017-04-11 16:22:59.000,55.9999002,24.8828062,96.8380773,1.1776899,86.7055773,85.9985244,37.2517919,1538.0129878,56125.5316772,25.4527849
2017-04-11 16:23:10.000,55.9758658,24.8638638,96.8113952,1.1428091,86.6788952,85.9720598,37.2494212,1537.9644641,56121.7937867,25.4566889
2017-04-11 16:23:21.000,55.9735598,24.8603591,96.8019680,1.0800002,86.6694680,85.9627096,37.2505919,1537.9571469,56123.2483925,25.4586090
2017-04-11 16:23:32.000,55.9702159,24.8600137,96.9773984,1.1297214,86.8448984,86.1367093,37.2483069,1537.9567895,56120.2667711,25.4577398
2017-04-11 16:23:43.000,55.9745485,24.8620406,97.0290635,1.1820134,86.8965635,86.1879532,37.2498671,1537.9642133,56122.4324811,25.4585203
2017-04-11 16:23:54.000,55.9848858,24.8758005,96.8652674,1.2531189,86.7327674,86.0254928,37.2463029,1537.9906839,56118.0095408,25.4508993
2017-04-11 16:24:05.000,55.9687241,24.8982761,96.7586819,1.2822738,86.6261819,85.9197764,37.2156249,1538.0097494,56077.6789235,25.4203379
2017-04-11 16:24:16.000,56.0235538,24.9546218,96.6604633,1.2992760,86.5279633,85.8223588,37.2102566,1538.1375062,56072.1528213,25.3985475
2017-04-11 16:24:27.000,56.0124553,24.9434685,96.4538837,1.2567413,86.3213837,85.6174638,37.2112111,1538.1083278,56073.0001934,25.4018102
2017-04-11 16:24:38.000,55.9753787,24.9114777,96.4230193,1.2765480,86.2905193,85.5868510,37.2098260,1538.0295553,56070.1807863,25.4104570
2017-04-11 16:24:49.000,55.9951755,24.9290920,96.3219887,1.3331051,86.1894887,85.4866443,37.2101655,1538.0705007,56071.1149207,25.4048701
2017-04-11 16:25:00.000,55.9719754,24.9123730,96.1830961,1.2731008,86.0505961,85.3488843,37.2066134,1538.0242123,56065.8113787,25.4067217
2017-04-11 16:25:11.000,55.9421021,24.8899034,95.9133498,1.3143501,85.7808498,85.0813377,37.2028427,1537.9616615,56059.9876399,25.4096085
2017-04-11 16:25:22.000,55.8956243,24.8531126,95.7201338,1.2840851,85.5876338,84.8896973,37.1984034,1537.8652062,56052.8834514,25.4167054
2017-04-11 16:25:33.000,55.8862217,24.8388997,95.5062659,1.2835592,85.3737659,84.6775734,37.2031580,1537.8325739,56058.7152853,25.4237403
2017-04-11 16:25:44.000,55.9472883,24.8646508,95.5327342,1.1863954,85.4002342,84.7038259,37.2277342,1537.9214891,56092.2964057,25.4345502
2017-04-11 16:25:55.000,55.9759436,24.8611914,95.5667480,1.1252810,85.4342480,84.7375623,37.2521087,1537.9400758,56124.7440004,25.4541960
2017-04-11 16:26:06.000,55.9559813,24.8486350,95.7037380,1.0686070,85.5712380,84.8734353,37.2474555,1537.9071588,56118.2231634,25.4551150
2017-04-11 16:26:17.000,55.9485272,24.8414295,95.7479364,1.0893485,85.6154364,84.9172732,37.2478023,1537.8909471,56118.4929985,25.4577763
2017-04-11 16:26:28.000,55.9547779,24.8462236,95.8213011,1.1430428,85.6888011,84.9900396,37.2485072,1537.9044679,56119.6084005,25.4571549
2017-04-11 16:26:39.000,55.9692758,24.8562602,95.8300511,1.1360900,85.6975511,84.9987183,37.2510916,1537.9315381,56123.3585368,25.4560699
2017-04-11 16:26:50.000,55.9825768,24.8706586,95.8292729,1.2129212,85.6967729,84.9979464,37.2491700,1537.9640556,56121.2198656,25.4501964
2017-04-11 16:27:01.000,55.8943961,24.8355662,95.8752284,1.2767233,85.7427284,85.0435272,37.2119323,1537.8402213,56070.4958137,25.4329845
2017-04-11 16:27:12.000,56.0538237,24.9733949,96.0645130,1.3638376,85.9320130,85.2312682,37.2176511,1538.1804921,56082.3223710,25.3958090
2017-04-11 16:27:23.000,56.1014155,25.0185771,96.1221304,1.3661747,85.9896304,85.2884158,37.2160057,1538.2878786,56081.5164921,25.3809090
2017-04-11 16:27:34.000,56.1046339,25.0230791,95.8804729,1.3973746,85.7479729,85.0487289,37.2147833,1538.2932800,56079.9133236,25.3775609
2017-04-11 16:27:45.000,56.1183331,25.0320500,95.5029396,1.3815410,85.3704396,84.6742743,37.2177675,1538.3116315,56084.0009901,25.3754342
2017-04-11 16:27:56.000,56.1288695,25.0405736,94.8481594,1.4566194,84.7156594,84.0248336,37.2188445,1538.3222000,56085.4057935,25.3708120
2017-04-11 16:28:07.000,56.1178182,25.0352810,94.3959506,1.4333655,84.2634506,83.5763124,37.2150874,1538.2979040,56080.0277488,25.3676594
2017-04-11 16:28:18.000,56.1030206,25.0209160,94.4803516,1.4375138,84.3478516,83.6600251,37.2158271,1538.2657504,56080.6166084,25.3730047
2017-04-11 16:28:29.000,56.1046073,25.0201610,94.4507943,1.4089431,84.3182943,83.6307088,37.2176479,1538.2654126,56083.0111373,25.3744873
2017-04-11 16:28:40.000,56.1140317,25.0360533,94.0360420,1.6077696,83.9035420,83.2193387,37.2117363,1538.2900998,56075.4171976,25.3633420
2017-04-11 16:28:51.000,56.1167781,25.0350084,94.0654087,1.4900980,83.9329087,83.2484659,37.2146440,1538.2912302,56079.2800927,25.3659888
2017-04-11 16:29:02.000,56.0448810,24.9847241,95.5927398,1.3346827,85.4602398,84.7633422,37.2017594,1538.1825712,56061.2380455,25.3782797
2017-04-11 16:29:13.000,55.8890718,24.8124582,97.1332221,1.2636941,87.0007221,86.2912624,37.2266218,1537.8215771,56089.9888460,25.4565812
2017-04-11 16:29:24.000,55.9488420,24.8483802,98.5256286,1.2405571,88.3931286,87.6723144,37.2413547,1537.9472671,56111.3369029,25.4626978
2017-04-11 16:29:35.000,55.9371922,24.8376998,99.9169465,1.1599865,89.7844465,89.0522865,37.2409708,1537.9444921,56111.1329468,25.4716575
2017-04-11 16:29:46.000,55.7347406,24.6834139,101.2586445,1.0176004,91.1261445,90.3830434,37.2159223,1537.5679458,56073.8073607,25.5056758
2017-04-11 16:29:57.000,55.6942508,24.6497184,102.3683985,0.9210209,92.2358985,91.4837478,37.2129527,1537.5018778,56069.3761134,25.5184819
2017-04-11 16:30:08.000,55.6273977,24.5962938,103.6106113,1.0710025,93.4781113,92.7158308,37.2063961,1537.3862883,56059.6618490,25.5351474
2017-04-11 16:30:19.000,55.6236130,24.5971506,103.1932978,0.8816997,93.0607978,92.3019203,37.2029694,1537.3776606,56054.9233799,25.5304999
2017-04-11 16:30:30.000,55.5489040,24.5297687,104.2988312,0.8215201,94.1663312,93.3984385,37.2020780,1537.2318431,56052.3334787,25.5550905
2017-04-11 16:30:41.000,55.6361264,24.5957809,102.3160266,0.9383152,92.1835266,91.4318030,37.2138473,1537.3714124,56069.0120250,25.5353796
2017-04-11 16:30:52.000,55.7357544,24.6728083,100.0595848,1.0552273,89.9270848,89.1937616,37.2258809,1537.5329895,56086.2577632,25.5112978
2017-04-11 16:31:03.000,55.9351789,24.8288264,97.7243682,1.0553441,87.5918682,86.8775879,37.2475376,1537.8934809,56118.6540898,25.4699281
2017-04-11 16:31:14.000,55.8788093,24.8186927,95.2725420,1.2924401,85.1400420,84.4457555,37.2143741,1537.7921527,56072.9883790,25.4374131
2017-04-11 16:31:25.000,56.1097046,25.0140812,92.5232294,1.5094372,82.3907294,81.7188625,37.2271254,1538.2287646,56094.6179069,25.3752500
2017-04-11 16:31:36.000,56.4350367,25.2756660,89.4241083,1.0459958,79.2916083,78.6450137,37.2556875,1538.8312379,56139.4502072,25.3027583
2017-04-11 16:31:47.000,56.5832030,25.4595139,86.1412220,1.2192313,76.0087220,75.3888981,37.2160145,1539.1689720,56090.9090682,25.2016015
2017-04-11 16:31:58.000,56.5900220,25.4817988,82.6922420,1.5069833,72.5597420,71.9680433,37.2039552,1539.1507622,56074.0089423,25.1707551
2017-04-11 16:32:09.000,56.8332960,25.6800453,78.9038979,1.2223864,68.7713979,68.2105918,37.2232088,1539.5746269,56104.5614321,25.1071966
2017-04-11 16:32:20.000,57.4023872,26.1323678,74.7690866,0.7012193,64.6365866,64.1094984,37.2748322,1540.6153634,56187.1586499,24.9862098
2017-04-11 16:32:31.000,57.6256403,26.3653730,70.2236994,0.5226670,60.0911994,59.6011772,37.2505082,1541.0509038,56161.0377247,24.8745021
2017-04-11 16:32:42.000,58.4282235,26.9320280,65.4179159,0.4264964,55.2854159,54.8345832,37.3769692,1542.3977467,56348.8530992,24.7679637
2017-04-11 16:32:53.000,58.9222181,27.4507673,60.4395894,0.3411349,50.3070894,49.8968531,37.3172153,1543.4148731,56287.4231393,24.5335054
2017-04-11 16:33:04.000,59.3961964,27.8522197,56.7013849,0.2822991,46.5688849,46.1891323,37.3361715,1544.2609204,56327.6145844,24.4003540
2017-04-11 16:33:15.000,59.5741278,27.9914904,55.4625802,0.2557149,45.3300802,44.9604296,37.3520955,1544.5627597,56354.1920433,24.3611709
2017-04-11 16:33:26.000,59.8834470,28.2109401,52.3129105,0.1936072,42.1804105,41.8364444,37.3976997,1545.0371898,56423.0785508,24.3094626
2017-04-11 16:33:37.000,60.2823497,28.5411995,48.0454928,0.1909196,37.9129928,37.6038259,37.4184291,1545.7023931,56463.3435382,24.1969400
2017-04-11 16:33:48.000,60.3554150,28.6255233,44.3986237,0.1799938,34.2661237,33.9866958,37.4042381,1545.8074695,56446.6275157,24.1425193
2017-04-11 16:33:59.000,60.3660349,28.6376531,41.0386725,0.1845510,30.9061725,30.6541437,37.4031548,1545.7757888,56444.3294609,24.1233122
2017-04-11 16:34:10.000,60.3719439,28.6501260,38.4147606,0.1682500,28.2822606,28.0516289,37.3982723,1545.7532329,56437.2828686,24.1042713
2017-04-11 16:34:21.000,60.4003505,28.6665265,36.3957862,0.1420748,26.2632862,26.0491185,37.4058646,1545.7624214,56447.3084937,24.0958785
2017-04-11 16:34:32.000,60.4165542,28.6824097,35.7377782,0.1555714,25.6052782,25.3964763,37.4048929,1545.7843944,56446.4482833,24.0870217
2017-04-11 16:34:43.000,60.4898408,28.7486099,33.9652730,0.1324928,23.8327730,23.6384253,37.4045605,1545.8960525,56448.2348085,24.0570233
2017-04-11 16:34:54.000,60.5243090,28.7796483,32.7760834,0.1329018,22.6435834,22.4589331,37.4045854,1545.9424595,56449.1709779,24.0415561
2017-04-11 16:35:05.000,60.5364250,28.8009646,31.9969869,0.1331939,21.8644869,21.6861898,37.3965149,1545.9664198,56439.0397061,24.0250080
2017-04-11 16:35:16.000,60.5449150,28.8099994,31.4054189,0.1255400,21.2729189,21.0994459,37.3955200,1545.9747140,56437.8750142,24.0187027
2017-04-11 16:35:27.000,60.5534533,28.8216806,31.0313384,0.1289287,20.8988384,20.7284159,37.3924098,1545.9900966,56434.0971528,24.0108451
2017-04-11 16:35:38.000,60.5588120,28.8223449,30.7529176,0.1074861,20.6204176,20.4522655,37.3957159,1545.9903009,56438.4239168,24.0119206
2017-04-11 16:35:49.000,60.5702456,28.8352056,30.3955243,0.1198142,20.2630243,20.0977866,37.3936947,1546.0096189,56436.1599510,24.0045559
2017-04-11 16:36:00.000,60.5583497,28.8226984,30.2812242,0.1306231,20.1487242,19.9844186,37.3952608,1545.9826287,56437.6380340,24.0094476
2017-04-11 16:36:11.000,60.5563437,28.8151907,30.0875151,0.1164838,19.9550151,19.7922891,37.3998264,1545.9681277,56443.3115762,24.0145762
2017-04-11 16:36:22.000,60.5544169,28.8141427,29.8129536,0.1135625,19.6804536,19.5199665,37.3993900,1545.9608028,56442.5687036,24.0134288
2017-04-11 16:36:33.000,60.5626725,28.8213150,29.5592504,0.1255400,19.4267504,19.2683322,37.3995916,1545.9720622,56443.0565983,24.0100894
2017-04-11 16:36:44.000,60.5581979,28.8275193,28.4191958,0.1459894,18.2866958,18.1375743,37.3919384,1545.9580532,56432.6538633,23.9973868
2017-04-11 16:36:55.000,60.5548283,28.8238685,27.7261786,0.1329602,17.5936786,17.4502084,37.3926711,1545.9393479,56433.1807856,23.9962078
2017-04-11 16:37:06.000,60.5509412,28.8207848,28.0849824,0.1109333,17.9524824,17.8060864,37.3922711,1545.9383866,56432.6558517,23.9984732
2017-04-11 16:37:17.000,60.5477802,28.8175855,28.7621376,0.1231445,18.6296376,18.4777196,37.3923706,1545.9430678,56432.9237256,24.0025112
2017-04-11 16:37:28.000,60.5434890,28.8112850,29.5514130,0.1492028,19.4189130,19.2605587,37.3940858,1545.9447105,56435.2539881,24.0092837
2017-04-11 16:37:39.000,60.5209877,28.7838012,30.3275063,0.1387444,20.1950063,20.0303232,37.3997525,1545.9049975,56441.8976654,24.0260824
2017-04-11 16:37:50.000,60.5186053,28.7796848,30.8850459,0.1291040,20.7525459,20.5833163,37.4011552,1545.9070643,56443.8145014,24.0308972
2017-04-11 16:38:01.000,60.5408361,28.7997036,30.3691917,0.1373422,20.2366917,20.0716687,37.4010929,1545.9411102,56444.4196289,24.0219304
2017-04-11 16:38:12.000,60.5377425,28.8092317,28.8148723,0.1069603,18.6823723,18.5300243,37.3919148,1545.9256277,56431.9603886,24.0051985
2017-04-11 16:38:23.000,60.5325913,28.8097069,26.9462293,0.1140883,16.8137293,16.6766194,37.3885205,1545.8915837,56426.6811488,23.9945146
2017-04-11 16:38:34.000,60.5511562,28.8287261,24.7855628,0.1041558,14.6530628,14.5335723,37.3871955,1545.8944087,56424.8799457,23.9779136
2017-04-11 16:38:45.000,60.5848514,28.8572105,22.5220882,0.1079535,12.3895882,12.2885556,37.3890213,1545.9189886,56427.6712960,23.9600606
2017-04-11 16:38:56.000,60.6017052,28.8762235,19.7453563,0.0896659,9.6128563,9.5344669,37.3866953,1545.9103022,56424.2843449,23.9400747
2017-04-11 16:39:07.000,60.6887639,28.9446806,17.1381785,0.0772210,7.0056785,6.9485497,37.3944228,1546.0203077,56436.6358887,23.9117329
2017-04-11 16:39:18.000,60.6548353,28.9301180,14.2973533,0.0760525,4.1648533,4.1308904,37.3830890,1545.9295190,56419.6778885,23.8959927
2017-04-11 16:39:29.000,60.9432238,29.1559068,11.0279241,2.9025659,0.8954241,0.8881222,37.4076169,1546.3791518,56461.4379447,23.8243200
2017-04-11 16:39:40.000,60.8860928,29.1520415,10.3640912,6.7121113,0.2315912,0.2297026,37.3711821,1546.3215467,56412.3668621,23.7954063
2017-04-11 16:39:51.000,60.7264011,29.2041877,10.2976215,6.6590597,0.1651215,0.1637750,37.2197084,1546.2716769,56212.5353031,23.6636288
2017-04-11 16:40:02.000,0.0024219,28.8068069,10.2634387,6.6155318,0.1309387,0.1298710,0.0132076,1506.3579014,2.2577274,-3.9864607
2017-04-11 16:40:13.000,0.0006194,28.3788772,10.2749247,6.9130411,0.1424247,0.1412633,0.0130142,1505.3276407,0.5818515,-3.8626536
2017-04-11 16:40:24.000,0.0016640,29.1774846,10.2569202,6.5031186,0.1244202,0.1234056,0.0132439,1507.2396293,1.5410126,-4.0951064
2017-04-11 16:40:35.000,0.5017000,29.1858581,10.2361334,6.8908973,0.1036334,0.1027883,0.2234749,1507.4900413,464.5586055,-3.9396381
2017-04-11 16:40:46.000,0.0015669,28.5906375,10.2468919,6.8347491,0.1143919,0.1134590,0.0130552,1505.8386700,1.4663087,-3.9238558
2017-04-11 16:40:57.000,0.0015885,28.1936401,10.2511202,6.7788931,0.1186202,0.1176528,0.0129312,1504.8770958,1.4971902,-3.8096986
2017-04-11 16:41:08.000,59.7313462,29.3039331,10.2387466,6.8962726,0.1062466,0.1053801,36.4550323,1545.6796158,55194.1078941,23.0550820
2017-04-11 16:41:19.000,0.0014572,28.2349435,10.2406157,6.6612800,0.1081157,0.1072340,0.0129368,1504.9774894,1.3723713,-3.8215601
2017-04-11 16:41:30.000,0.0018553,28.0361641,10.2387117,6.6536845,0.1062117,0.1053455,0.0129033,1504.4923011,1.7536057,-3.7648557
2017-04-11 16:41:41.000,29.3015598,28.7249560,10.2347891,6.8664749,0.1022891,0.1014550,16.7134097,1523.8037065,27355.3201518,8.4836943
2017-04-11 16:41:52.000,0.0011863,28.1283336,10.2299949,6.6453879,0.0974949,0.0966999,0.0128949,1504.7174387,1.1194529,-3.7911650
2017-04-11 16:42:03.000,0.0017963,27.7660827,10.2280452,6.8438637,0.0955452,0.0947661,0.0128121,1503.8282945,1.7061167,-3.6884539
2017-04-11 16:42:14.000,0.0017781,27.7614812,10.2334813,6.7606055,0.1009813,0.1001579,0.0128089,1503.8170288,1.6889789,-3.6871340
2017-04-11 16:42:25.000,0.0023741,27.6540030,10.2273804,6.9474544,0.0948804,0.0941067,0.0128460,1503.5513265,2.2595431,-3.6568714
2017-04-11 16:42:36.000,0.0016025,27.5984791,10.2094552,6.7998683,0.0769552,0.0763277,0.0127421,1503.4133464,1.5267516,-3.6414379
2017-04-11 16:42:47.000,0.0022066,27.6811019,10.2151232,6.7105338,0.0826232,0.0819495,0.0128317,1503.6181599,2.0991285,-3.6645574
2017-04-11 16:42:58.000,0.0028541,27.6447667,10.2139928,4.3337898,0.0814928,0.0808282,0.0129186,1503.5283139,2.7168491,-3.6542810
2017-04-11 16:43:09.000,0.0021053,27.5100003,10.1982669,6.8232391,0.0657669,0.0652306,0.0127648,1503.1935092,2.0089840,-3.6166820
2017-04-11 16:43:20.000,0.0032157,27.4394792,10.2155255,6.6868709,0.0830255,0.0823484,0.0129208,1503.0184764,3.0725276,-3.5967801
2017-04-11 16:43:31.000,0.0005809,27.3936338,10.2295812,7.0221823,0.0970812,0.0962896,0.0126941,1502.9041746,0.5555203,-3.5841015
2017-04-11 16:43:42.000,0.0028166,27.3172092,10.2228525,0.0102639,0.0903525,0.0896157,0.0128110,1502.7133336,2.6972443,-3.5627702
2017-04-11 16:43:53.000,0.0033876,27.3306551,10.2154486,6.7920976,0.0829486,0.0822722,0.0129209,1502.7469415,3.2432295,-3.5664592
2017-04-11 16:44:04.000,0.0012876,27.2860814,10.2107752,0.2315271,0.0782752,0.0776369,0.0126230,1502.6350603,1.2337259,-3.5543170
2017-04-11 16:44:15.000,0.0026534,27.2663329,10.2238850,-0.1413537,0.0913850,0.0906397,0.0127677,1502.5860097,2.5433200,-3.5486661
2017-04-11 16:44:26.000,0.0203381,31.3636736,10.2244579,-0.0938527,0.0919579,0.0912080,0.0187001,1512.2485299,18.1340272,-4.7564082
2017-04-11 16:44:37.000,0.0054263,30.1913959,10.2174657,4.5427241,0.0849657,0.0842728,0.0141686,1509.6021213,4.9368330,-4.3979510
2017-04-11 16:44:48.000,0.0021605,29.2042123,10.2247804,0.0133021,0.0922804,0.0915279,0.0132962,1507.3023447,1.9998743,-4.1030914
2017-04-11 16:44:59.000,0.0022389,29.1193824,10.2164052,0.0364391,0.0839052,0.0832210,0.0132795,1507.1014113,2.0755558,-4.0781505
2017-04-11 16:45:10.000,0.0014910,28.9682501,10.2251636,0.0304211,0.0926636,0.0919080,0.0131695,1506.7424712,1.3859090,-4.0338287
2017-04-11 16:45:21.000,0.0009717,28.3437095,10.2220474,0.0023178,0.0895474,0.0888171,0.0129680,1505.2414420,0.9133951,-3.8528155
2017-04-11 16:45:32.000,0.0017670,28.3025767,10.2186185,-0.0088417,0.0861185,0.0854162,0.0129791,1505.1415703,1.6621550,-3.8410124
2017-04-11 16:45:43.000,0.0014377,28.2540050,10.2252610,0.0086279,0.0927610,0.0920046,0.0129419,1505.0236043,1.3535589,-3.8270844
2017-04-11 16:45:54.000,0.0019563,27.8751222,10.2104678,-0.0177810,0.0779678,0.0773320,0.0128628,1504.0966567,1.8544548,-3.7193075
2017-04-11 16:46:05.000,0.0017193,27.8237822,10.2147928,0.0113740,0.0822928,0.0816217,0.0128236,1503.9703254,1.6313527,-3.7047963
2017-04-11 16:46:16.000,0.0018253,27.5716729,10.2059728,0.1647453,0.0734728,0.0728736,0.0127529,1503.3468062,1.7398381,-3.6339275
2017-04-11 16:46:27.000,0.0010832,27.3135110,10.2092849,0.0102055,0.0767849,0.0761588,0.0126289,1502.7036546,1.0373926,-3.5619405
2017-04-11 16:46:38.000,0.0023334,26.7085900,10.2042097,0.0134774,0.0717097,0.0711250,0.0125408,1501.1774502,2.2596724,-3.3955573
2017-04-11 16:46:49.000,0.0018874,26.7706322,10.2192007,-0.0053945,0.0867007,0.0859937,0.0125014,1501.3354141,1.8256726,-3.4124387
2017-04-11 16:47:00.000,0.0022132,26.8844944,10.2156926,0.0094459,0.0831926,0.0825142,0.0125797,1501.6242215,2.1362772,-3.4435377
2017-04-11 16:47:11.000,0.0022802,27.0073695,10.2151769,0.0030774,0.0826769,0.0820027,0.0126285,1501.9348297,2.1960424,-3.4772448
2017-04-11 16:47:22.000,0.0017832,26.9909353,10.2186901,0.0083358,0.0861901,0.0854872,0.0125617,1501.8933419,1.7178665,-3.4727586
2017-04-11 16:47:33.000,0.0003385,27.1048492,10.2056303,0.0088617,0.0731303,0.0725339,0.0126587,1502.1802869,0.3253906,-3.5041316
2017-04-11 16:47:44.000,0.0020656,26.8848642,10.1895378,0.0163987,0.0570378,0.0565726,0.0125600,1501.6246949,1.9938310,-3.4437714
2017-04-11 16:47:55.000,0.0022670,26.9114944,10.1957702,0.0230009,0.0632702,0.0627542,0.0125960,1501.6922410,2.1871724,-3.4510172
2017-04-11 16:48:06.000,0.0028894,26.9966638,10.2005601,5.1083530,0.0680601,0.0675051,0.0127240,1501.9076762,2.7832793,-3.4742929
2017-04-11 16:48:17.000,0.0026834,27.0543648,10.2102639,0.1999766,0.0777639,0.0771298,0.0127063,1502.0533184,2.5820939,-3.4901497
2017-04-11 16:48:28.000,0.0019866,26.9806504,10.1905260,0.0299537,0.0580260,0.0575528,0.0125810,1501.8669242,1.9142036,-3.4700424
2017-04-11 16:48:39.000,0.0034825,26.9430733,10.1962346,2.6317577,0.0637346,0.0632149,0.0128219,1501.7723597,3.3578813,-3.4595106
2017-04-11 16:48:50.000,0.0023928,26.9722310,10.1906439,0.8819927,0.0581439,0.0576697,0.0126339,1501.8457247,2.3059464,-3.4676876
2017-04-11 16:49:01.000,0.0026501,26.9887594,10.2013321,6.9224478,0.0688321,0.0682708,0.0126801,1501.8876893,2.5531218,-3.4721486
2017-04-11 16:49:12.000,0.0014555,26.9120523,10.1923996,6.7489202,0.0598996,0.0594111,0.0125084,1501.6934975,1.4042462,-3.4512515
2017-04-11 16:49:23.000,0.0022398,26.7341323,10.1906487,6.8059447,0.0581487,0.0576745,0.0125352,1501.2421967,2.1680019,-3.4025835
2017-04-11 16:49:34.000,0.0032510,26.7909244,10.1963305,6.8535042,0.0638305,0.0633100,0.0127284,1501.3868190,3.1435153,-3.4179112
2017-04-11 16:49:45.000,0.0017760,26.4471017,10.1928494,6.8654816,0.0603494,0.0598573,0.0123831,1500.5090532,1.7281922,-3.3248113
2017-04-11 16:49:56.000,0.0013647,26.5484605,10.1916373,0.2149339,0.0591373,0.0586551,0.0123825,1500.7685780,1.3254984,-3.3522308
2017-04-11 16:50:07.000,0.0016384,26.6013973,10.1813624,6.7504977,0.0488624,0.0484640,0.0124203,1500.9036970,1.5898222,-3.3666036
2017-04-11 16:50:18.000,0.0017063,26.7090756,10.1797040,3.0444846,0.0472040,0.0468191,0.0124621,1501.1781849,1.6524078,-3.3958592
2017-04-11 16:50:29.000,0.0011701,26.7357887,10.1884276,6.8053605,0.0559276,0.0554715,0.0124376,1501.2462622,1.1325158,-3.4031189
2017-04-11 16:50:40.000,0.0018342,26.7315161,10.1807604,6.7670909,0.0482604,0.0478668,0.0124827,1501.2353176,1.7755016,-3.4019544
2017-04-11 16:50:51.000,0.0017047,26.7392246,10.1828508,0.1590194,0.0503508,0.0499402,0.0124718,1501.2549437,1.6498958,-3.4040550
2017-04-11 16:51:02.000,0.0019894,25.5772617,10.1871908,0.0175088,0.0546908,0.0542448,0.0121209,1498.2497352,1.9676707,-3.0937158
2017-04-11 16:51:13.000,0.0018817,24.8461670,10.1873412,0.0235268,0.0548412,0.0543940,0.0118590,1496.3066978,1.8872344,-2.9050037
2017-04-11 16:51:24.000,0.0017687,24.5513817,10.1875398,0.0109066,0.0550398,0.0545910,0.0117425,1495.5117138,1.7839532,-2.8303613
2017-04-11 16:51:35.000,0.0026834,24.0094997,10.1865635,0.0168077,0.0540635,0.0536227,0.0117133,1494.0331246,2.7351744,-2.6951983
2017-04-11 16:51:46.000,0.0016034,23.8611415,10.1843510,0.0187358,0.0518510,0.0514282,0.0114799,1493.6240665,1.6390932,-2.6588686
2017-04-11 16:51:57.000,0.0016051,23.8301129,10.1817805,0.0105560,0.0492805,0.0488787,0.0114691,1493.5383060,1.6418173,-2.6512781
2017-04-11 16:52:08.000,0.0023388,22.8882045,10.1859164,0.0195538,0.0534164,0.0529808,0.0112556,1490.9006937,2.4371393,-2.4248874
2017-04-11 16:52:19.000,0.0019013,22.7957044,10.1759844,-0.0082574,0.0434844,0.0431298,0.0111422,1490.6376340,1.9848409,-2.4032437
2017-04-11 16:52:30.000,0.0025510,22.7181087,10.1772021,0.0097381,0.0447021,0.0443376,0.0112393,1490.4168198,2.6672186,-2.3849630
2017-04-11 16:52:41.000,0.0018213,22.9087107,10.1812984,0.0055313,0.0487984,0.0484005,0.0111700,1490.9586786,1.8971243,-2.4298123
2017-04-11 16:52:52.000,0.0021017,22.8408201,10.1784881,0.0145875,0.0459881,0.0456131,0.0111934,1490.7659786,2.1920778,-2.4138032
2017-04-11 16:53:03.000,0.0024957,22.7176984,10.1660367,0.0276751,0.0335367,0.0332632,0.0112274,1490.4154506,2.6094167,-2.3849267
2017-04-11 16:53:14.000,0.0025822,22.8212337,10.1664339,0.0198459,0.0339339,0.0336571,0.0112823,1490.7102243,2.6943560,-2.4091816
2017-04-11 16:53:25.000,0.0015411,22.6367619,10.1694908,0.0189111,0.0369908,0.0366892,0.0110302,1490.1843124,1.6139547,-2.3661408
2017-04-11 16:53:36.000,0.0027510,22.4316249,10.1713158,0.0117246,0.0388158,0.0384993,0.0111827,1489.5967937,2.8929216,-2.3183538
2017-04-11 16:53:47.000,0.0026502,21.9122615,10.1662305,0.0133605,0.0337305,0.0334554,0.0109750,1488.0935044,2.8163226,-2.1997494
2017-04-11 16:53:58.000,0.0018245,21.8365924,10.1680162,0.0233515,0.0355162,0.0352266,0.0107783,1487.8725312,1.9418008,-2.1828116
