09/04/2017 21:33:07 08°50.75848 S  034°43.69047 W 1143.4
Time,Conductivity,Temperature,Pressure,Chlorophyll a,Sea pressure,Depth,Salinity,Speed of sound,Specific conductivity,Density anomaly
2017-04-09 21:33:03.000,59.6523431,28.5724791,10.3277820,0.1033962,0.1952820,0.1936896,36.9638193,1544.6554347,55842.0004506,23.6835104
2017-04-09 21:33:18.000,59.6005463,28.5657184,10.5368603,0.1040973,0.4043603,0.4010629,36.9327536,1544.6116664,55800.2574381,23.6632891
2017-04-09 21:33:29.000,59.6559173,28.5688228,10.3931865,0.0827131,0.2606865,0.2585607,36.9691548,1544.6542766,55848.9974870,23.6890224
2017-04-09 21:33:39.000,59.6660437,28.5673130,10.3375296,0.0934637,0.2050296,0.2033577,36.9774426,1544.6588140,55859.9857097,23.6955223
2017-04-09 21:33:50.000,59.6516174,28.5655486,10.4363525,0.1522410,0.3038525,0.3013746,36.9686846,1544.6474518,55848.2416462,23.6899445
2017-04-09 21:34:00.000,0.0026395,28.5368304,10.2270611,0.3871752,0.0945611,0.0937900,0.0131565,1505.7087940,2.4724519,-3.9083029
2017-04-09 21:35:04.000,59.5461796,28.5696959,10.5210198,0.1024614,0.3885198,0.3853516,36.8915923,1544.5766219,55745.3922936,23.6309340
2017-04-09 21:35:15.000,59.5533830,28.5780400,10.8207592,0.0877378,0.6882592,0.6826467,36.8900471,1544.5980315,55743.8189856,23.6282708
2017-04-09 21:35:26.000,59.6333570,28.5817819,10.6656718,0.1122771,0.5331718,0.5288239,36.9431663,1544.6594233,55814.9431965,23.6663166
2017-04-09 21:35:37.000,59.6284999,28.5759963,10.7926890,0.1118097,0.6601890,0.6548054,36.9442369,1544.6502245,55816.1701849,23.6695935
2017-04-09 21:35:48.000,59.6842894,28.5775609,11.8223002,0.1011176,1.6898002,1.6760205,36.9817655,1544.7104718,55866.8299716,23.7016992
2017-04-09 21:35:59.000,59.7076598,28.5841109,13.8450251,0.0946322,3.7125251,3.6822508,36.9923952,1544.7698645,55882.1616334,23.7161498
2017-04-09 21:36:10.000,59.7118137,28.5854999,14.7682536,0.0821289,4.6357536,4.5979507,36.9939351,1544.7900361,55884.6618030,23.7207879
2017-04-09 21:36:21.000,59.7134172,28.5856939,14.7991597,0.0960344,4.6666597,4.6286048,36.9948969,1544.7919878,55885.9685965,23.7215786
2017-04-09 21:36:32.000,59.7163871,28.5866159,13.7622214,0.0772210,3.6297214,3.6001224,36.9965763,1544.7782684,55887.8270334,23.7181056
2017-04-09 21:36:43.000,59.7083519,28.5848691,12.5534576,0.0869199,2.4209576,2.4012156,36.9926861,1544.7500389,55882.0519635,23.7105994
2017-04-09 21:36:54.000,59.7116833,28.5852936,11.7137445,0.0820704,1.5812445,1.5683500,36.9949463,1544.7391832,55884.7457890,23.7085714
2017-04-09 21:37:05.000,59.5890282,28.5829524,10.9908805,0.0932884,0.8583805,0.8513807,36.9111214,1544.6336785,55772.2857783,23.6432115
2017-04-09 21:37:16.000,59.7132805,28.5903221,10.9397556,0.0867446,0.8072556,0.8006727,36.9923781,1544.7342661,55881.2175724,23.7016565
2017-04-09 21:37:27.000,59.7113339,28.5889936,11.2088508,0.1009423,1.0763508,1.0675735,36.9919691,1544.7355090,55880.7227681,23.7029413
2017-04-09 21:37:38.000,59.7099514,28.5873195,11.6892393,0.0884974,1.5567393,1.5440447,36.9921597,1544.7401993,55881.1011130,23.7056949
2017-04-09 21:37:49.000,59.7155972,28.5883385,12.6629844,0.1000659,2.5304844,2.5098492,36.9950173,1544.7618130,55885.3669013,23.7116635
2017-04-09 21:38:00.000,59.7158360,28.5882233,13.2021714,0.0657694,3.0696714,3.0446393,36.9951083,1544.7707468,55885.7055437,23.7140733
2017-04-09 21:38:11.000,59.7144905,28.5883264,13.6946139,0.0900749,3.5621139,3.5330661,36.9939340,1544.7780307,55884.3433615,23.7152587
2017-04-09 21:38:22.000,59.7179117,28.5890361,14.9866076,0.0941648,4.8541076,4.8145241,36.9953773,1544.8028514,55886.8361225,23.7216256
2017-04-09 21:38:33.000,59.7195000,28.5888359,16.9798253,0.0929962,6.8473253,6.7914878,36.9960314,1544.8366978,55888.5225258,23.7306969
2017-04-09 21:38:44.000,59.7137155,28.5808540,19.2929230,0.0832974,9.1604230,9.0857230,36.9974992,1544.8600275,55891.0833446,23.7443420
2017-04-09 21:38:55.000,59.7247463,28.5905041,20.8738797,0.0764030,10.7413797,10.6537876,36.9972028,1544.9071439,55891.7657135,23.7476509
2017-04-09 21:39:06.000,59.7217010,28.5878351,21.9394461,0.1016434,11.8069461,11.7106647,36.9968257,1544.9189538,55891.5822139,23.7528081
2017-04-09 21:39:17.000,59.7089054,28.5755415,22.7461456,0.1432433,12.6136456,12.5107859,36.9972142,1544.9064702,55891.8894432,23.7606462
2017-04-09 21:39:28.000,59.7103527,28.5729036,24.0186260,0.1281108,13.8861260,13.7728896,36.9998952,1544.9250513,55895.8803764,23.7689765
2017-04-09 21:39:39.000,59.6688979,28.5282873,27.0609218,0.1095310,16.9284218,16.7903766,37.0047614,1544.8852227,55901.6684076,23.8005032
2017-04-09 21:39:50.000,59.8339816,28.5578735,31.8281085,0.1430680,21.6956085,21.5186886,37.0958514,1545.1253068,56026.6678849,23.8795102
2017-04-09 21:40:01.000,60.1164519,28.6234109,36.9048157,0.2201330,26.7723157,26.5539970,37.2407922,1545.5045756,56225.2619341,23.9883127
2017-04-09 21:40:12.000,60.2521850,28.6662227,40.4691376,0.2139982,30.3366376,30.0892531,37.3010921,1545.7201022,56309.1453462,24.0345542
2017-04-09 21:40:23.000,60.2738007,28.6674925,42.9955082,0.2292476,32.8630082,32.5950221,37.3144442,1545.7794481,56328.0697670,24.0549498
2017-04-09 21:40:34.000,60.2548471,28.6255597,44.4667293,0.2062274,34.3342293,34.0542460,37.3337130,1545.7344348,56352.5359702,24.0897506
2017-04-09 21:40:45.000,60.2479809,28.6084263,44.9581476,0.2564160,34.8256476,34.5416570,37.3422426,1545.7148552,56363.3647299,24.1039928
2017-04-09 21:40:56.000,60.2549501,28.6182516,45.1134923,0.2226453,34.9809923,34.6957348,37.3393397,1545.7355439,56359.9897648,24.0991864
2017-04-09 21:41:07.000,60.2500795,28.6108111,45.5973035,0.2419846,35.4648035,35.1756008,37.3416368,1545.7301137,56362.9262147,24.1054665
2017-04-09 21:41:18.000,60.2376746,28.5866766,46.6960321,0.1992162,36.5635321,36.2653696,37.3516164,1545.7072109,56375.6324521,24.1257291
2017-04-09 21:41:29.000,60.2554440,28.6149500,45.7012183,0.2024297,35.5687183,35.2786681,37.3421041,1545.7412568,56363.7763532,24.1048772
2017-04-09 21:41:40.000,60.2804789,28.6644245,43.4153280,0.1973465,33.2828280,33.0114184,37.3214030,1545.7872591,56337.3959565,24.0630016
2017-04-09 21:41:51.000,60.2780424,28.6707004,40.9897498,0.1762544,30.8572498,30.6056200,37.3155112,1545.7536650,56328.8084018,24.0461213
2017-04-09 21:42:02.000,60.2235224,28.6550638,38.9153934,0.1543444,28.7828934,28.5481792,37.2902789,1545.6585771,56293.5714300,24.0235265
2017-04-09 21:42:13.000,60.0957747,28.6166433,36.9294267,0.1569152,26.7969267,26.5784074,37.2316162,1545.4807744,56212.7188937,23.9837781
2017-04-09 21:42:24.000,60.0780776,28.6133721,35.1516237,0.1603039,25.0191237,24.8151017,37.2223380,1545.4340155,56199.4497474,23.9703057
2017-04-09 21:42:35.000,59.9158703,28.5973955,33.6428637,0.1131535,23.5103637,23.3186451,37.1217145,1545.2682575,56063.7180019,23.8935187
2017-04-09 21:42:46.000,59.8057180,28.5592557,32.1177349,0.1118097,21.9852349,21.8059532,37.0748736,1545.1110706,55998.8184789,23.8645064
2017-04-09 21:42:57.000,59.7036423,28.5240465,30.6511046,0.1109917,20.5186046,20.3512828,37.0313242,1544.9645447,55938.4640942,23.8372274
2017-04-09 21:43:08.000,59.6785085,28.5334251,29.1135726,0.1285197,18.9810726,18.8262887,37.0068500,1544.9330951,55905.5324712,23.8091269
2017-04-09 21:43:19.000,59.6922450,28.5324254,29.1891415,0.0993648,19.0566415,18.9012415,37.0172356,1544.9431516,55919.4008115,23.8175948
2017-04-09 21:43:30.000,59.6832256,28.5270453,28.6490339,0.1076029,18.5165339,18.3655382,37.0152852,1544.9203872,55916.3342537,23.8156146
2017-04-09 21:43:41.000,59.6818054,28.5340674,28.7248948,0.1238456,18.5923948,18.4407805,37.0087786,1544.9299637,55907.9784540,23.8087039
2017-04-09 21:43:52.000,59.7014028,28.5369638,29.4614278,0.1157243,19.3289278,19.1713074,37.0200230,1544.9604673,55923.4385481,23.8193413
2017-04-09 21:44:03.000,59.7276832,28.5379939,30.4998578,0.1297467,20.3673578,20.2012693,37.0373167,1544.9984030,55947.0248160,23.8364399
2017-04-09 21:44:14.000,59.7435216,28.5404178,30.6276344,0.1350051,20.4951344,20.3280039,37.0464826,1545.0154398,55959.4338308,23.8430719
2017-04-09 21:44:25.000,59.7232652,28.5331706,30.7393511,0.1294546,20.6068511,20.4388096,37.0379177,1544.9926659,55947.7142798,23.8395226
2017-04-09 21:44:36.000,59.6950251,28.5350247,30.8917626,0.1207490,20.7592626,20.5899782,37.0166275,1544.9768070,55919.4043786,23.8235409
2017-04-09 21:44:47.000,59.7175224,28.5387513,31.5112862,0.1234366,21.3787862,21.2044499,37.0292910,1545.0086244,55936.7491076,23.8344690
2017-04-09 21:44:58.000,59.7196120,28.5425328,32.4217717,0.1260658,22.2892717,22.1075107,37.0275187,1545.0302552,55934.9223027,23.8357625
2017-04-09 21:45:09.000,59.8563536,28.5565641,33.8285948,0.1292793,23.6960948,23.5028617,37.1119385,1545.1731341,56048.9288978,23.9005877
2017-04-09 21:45:20.000,59.9653476,28.5917476,35.7342192,0.1550455,25.6017192,25.3929463,37.1601522,1545.3318120,56115.6785272,23.9332426
2017-04-09 21:45:31.000,60.0898033,28.6098827,37.7750146,0.1799353,27.6425146,27.4170998,37.2324809,1545.4813892,56213.9230718,23.9902966
2017-04-09 21:45:42.000,60.2322867,28.6497920,40.2746573,0.1913870,30.1421573,29.8963588,37.3001403,1545.6805356,56307.0635242,24.0385071
2017-04-09 21:45:53.000,60.2808804,28.6716300,43.0955905,0.2002679,32.9630905,32.6942883,37.3161152,1545.7917759,56330.5258748,24.0552484
2017-04-09 21:46:04.000,60.2868832,28.6660162,45.8485500,0.2134139,35.7160500,35.4247985,37.3238815,1545.8342801,56341.7804785,24.0747130
2017-04-09 21:46:15.000,60.2305967,28.5886540,48.6503988,0.2378947,38.5178988,38.2037991,37.3444890,1545.7368829,56367.0158998,24.1280448
2017-04-09 21:46:26.000,60.0894548,28.4174606,51.0950274,0.2939845,40.9625274,40.6284927,37.3797274,1545.4458301,56407.5375030,24.2221063
2017-04-09 21:46:37.000,59.7357125,28.1188015,53.8009441,0.4235751,43.6684441,43.3123436,37.3659312,1544.8278554,56377.3632405,24.3224242
2017-04-09 21:46:48.000,59.6123309,28.0302426,56.1045562,0.3754898,45.9720562,45.5971706,37.3481810,1544.6543007,56350.8756268,24.3481731
2017-04-09 21:46:59.000,59.4839665,27.9412678,59.0319180,0.4506851,48.8994180,48.5006608,37.3269456,1544.4860993,56320.0089972,24.3740410
2017-04-09 21:47:10.000,59.2606297,27.7401503,62.8034328,0.4450762,52.6709328,52.2414202,37.3270563,1544.1069050,56313.3644790,24.4563740
2017-04-09 21:47:21.000,59.1616308,27.6580529,65.1565024,0.4526132,55.0240024,54.5753014,37.3212169,1543.9587908,56303.1850904,24.4889437
2017-04-09 21:47:32.000,59.0782117,27.6071062,66.9002543,0.4900648,56.7677543,56.3048336,37.3017923,1543.8546661,56275.9117072,24.4984409
2017-04-09 21:47:43.000,58.6964057,27.3065295,68.6684388,0.4529054,58.5359388,58.0585992,37.2681568,1543.1791862,56219.6644304,24.5786578
2017-04-09 21:47:54.000,58.6096167,27.2072555,70.3312358,0.4055796,60.1987358,59.7078367,37.2848082,1543.0023811,56238.6739914,24.6305371
2017-04-09 21:48:05.000,58.5753650,27.1704151,71.1554662,0.4072740,61.0229662,60.5253458,37.2894570,1542.9384630,56243.7830136,24.6495047
2017-04-09 21:48:16.000,58.5677183,27.1615881,71.4025966,0.3880516,61.2700966,60.7704609,37.2909581,1542.9243814,56245.5459919,24.6545522
2017-04-09 21:48:27.000,58.6013863,27.1915446,71.3720765,0.4083257,61.2395765,60.7401897,37.2911561,1542.9913662,56246.9722953,24.6448649
2017-04-09 21:48:38.000,58.6822020,27.2517450,70.8255176,0.4059302,60.6930176,60.1980878,37.3011488,1543.1278313,56262.4481466,24.6305337
2017-04-09 21:48:49.000,58.8257349,27.3842954,70.0707730,0.4285414,59.9382730,59.4494979,37.2982250,1543.4085039,56263.4930956,24.5820178
2017-04-09 21:49:00.000,58.9971734,27.5084621,69.1537494,0.4248605,59.0212494,58.5399523,37.3219487,1543.6949014,56299.7603618,24.5554927
2017-04-09 21:49:11.000,59.1319594,27.6273825,68.4382949,0.3914404,58.3057949,57.8303320,37.3234822,1543.9484790,56306.3381333,24.5147138
2017-04-09 21:49:22.000,59.1274546,27.6303052,68.0877768,0.4234582,57.9552768,57.4826723,37.3180473,1543.9432978,56299.0559349,24.5081659
2017-04-09 21:49:33.000,59.1109849,27.6190080,68.0057518,0.4083257,57.8732518,57.4013162,37.3153353,1543.9140069,56294.9401693,24.5094706
2017-04-09 21:49:44.000,59.0795876,27.5955046,68.0279303,0.4454852,57.8954303,57.4233138,37.3116736,1543.8583843,56289.1037633,24.5144973
2017-04-09 21:49:55.000,58.9296347,27.4750780,67.9040067,0.4543076,57.7715067,57.3004008,37.3007189,1543.5770768,56269.5486306,24.5450527
2017-04-09 21:50:06.000,58.8313280,27.3926087,67.9194019,0.4373054,57.7869019,57.3156704,37.2962659,1543.3887916,56260.2984067,24.5686395
2017-04-09 21:50:17.000,58.8511208,27.4069926,67.9325179,0.4118897,57.8000179,57.3286795,37.2989361,1543.4239400,56264.4440206,24.5660235
2017-04-09 21:50:28.000,59.0623099,27.5669579,67.6700034,0.4245684,57.5375034,57.0683057,37.3222378,1543.8002165,56301.8904231,24.5302605
2017-04-09 21:50:39.000,59.0955154,27.5989432,67.7100654,0.4103122,57.5775654,57.1080410,37.3203998,1543.8699131,56300.7562867,24.5185874
2017-04-09 21:50:50.000,59.1023495,27.6148777,67.5731613,0.4176740,57.4406613,56.9722533,37.3126053,1543.8946795,56290.9452587,24.5069177
2017-04-09 21:51:01.000,59.0388059,27.5723389,67.4604835,0.4221144,57.3279835,56.8604944,37.3012223,1543.7863547,56273.9715470,24.5117756
2017-04-09 21:51:12.000,58.8749654,27.4361045,67.2036531,0.4143437,57.0711531,56.6057583,37.2929655,1543.4702551,56257.3343780,24.5489252
2017-04-09 21:51:23.000,58.8681073,27.4211967,66.9859893,0.4281324,56.8534893,56.3898695,37.3000431,1543.4408713,56266.0900436,24.5581850
2017-04-09 21:51:34.000,58.8070522,27.3784360,66.9089201,0.4258537,56.7764201,56.3134287,37.2905288,1543.3340682,56251.6452854,24.5646108
2017-04-09 21:51:45.000,58.8826157,27.4344617,66.7513986,0.4189594,56.6188986,56.1571918,37.2998993,1543.4663442,56266.3315309,24.5527517
2017-04-09 21:51:56.000,58.7923580,27.3608144,66.6188605,0.4149864,56.4863605,56.0257345,37.2941871,1543.2937203,56255.7009451,24.5718615
2017-04-09 21:52:07.000,58.9000856,27.4243748,66.4925235,0.4218223,56.3600235,55.9004277,37.3205583,1543.4614294,56293.3888158,24.5704977
2017-04-09 21:52:18.000,59.1413273,27.6277218,66.3785477,0.3827348,56.2460477,55.7873813,37.3305466,1543.9220619,56314.9108797,24.5111239
2017-04-09 21:52:29.000,59.2329059,27.6984744,66.1663436,0.3699393,56.0338436,55.5769077,37.3394679,1544.0845504,56329.6284245,24.4937572
2017-04-09 21:52:40.000,59.3139854,27.7548871,65.9731671,0.3398495,55.8406671,55.3853064,37.3522979,1544.2195123,56348.9946458,24.4840859
2017-04-09 21:52:51.000,59.3563057,27.7981731,66.0051760,0.3486719,55.8726760,55.4170543,37.3479098,1544.3108856,56344.9441210,24.4667002
2017-04-09 21:53:02.000,59.2916475,27.7458416,66.0153139,0.3691213,55.8828139,55.4271096,37.3435916,1544.1910333,56337.0200471,24.4806787
2017-04-09 21:53:13.000,59.2757817,27.7334873,66.0501939,0.3727438,55.9176939,55.4617052,37.3421311,1544.1627913,56334.5756787,24.4837822
2017-04-09 21:53:24.000,59.1946877,27.6743214,66.1072365,0.3702314,55.9747365,55.5182825,37.3315100,1544.0217013,56317.9907326,24.4954281
2017-04-09 21:53:35.000,59.1636942,27.6566950,66.2430141,0.3845460,56.1105141,55.6529530,37.3234278,1543.9764092,56306.5385697,24.4956956
2017-04-09 21:53:46.000,59.0791207,27.5556208,66.2245424,0.4224650,56.0920424,55.6346319,37.3437615,1543.7735497,56329.5428799,24.5440036
2017-04-09 21:53:57.000,58.8176905,27.3445603,66.1145934,0.4363706,55.9820934,55.5255795,37.3255263,1543.2822005,56296.6638466,24.5986086
2017-04-09 21:54:08.000,58.8243163,27.4126240,66.1400325,0.4238088,56.0075325,55.5508111,37.2758049,1543.3817978,56233.0351819,24.5390992
2017-04-09 21:54:19.000,58.7376617,27.3162506,66.1021086,0.4205369,55.9696086,55.5131965,37.2907937,1543.1818126,56249.1763572,24.5815859
2017-04-09 21:54:30.000,58.6669887,27.3052161,66.1017328,0.4167392,55.9692328,55.5128238,37.2489170,1543.1126415,56192.8388494,24.5536123
2017-04-09 21:54:41.000,58.7809363,27.3361955,66.0181651,0.3900965,55.8856651,55.4299375,37.3058949,1543.2410360,56270.0899087,24.5861232
2017-04-09 21:54:52.000,58.8450396,27.3698229,65.8550460,0.4266133,55.7225460,55.2681486,37.3249857,1543.3336921,56296.8409338,24.5888728
2017-04-09 21:55:03.000,59.0470166,27.5184642,65.7548698,0.3861819,55.6223698,55.1687893,37.3506688,1543.6904231,56337.0540471,24.5593391
2017-04-09 21:55:14.000,59.1574624,27.6495008,65.6055045,0.3640966,55.4730045,55.0206420,37.3249237,1543.9513384,56307.9713259,24.4964550
2017-04-09 21:55:25.000,59.2272879,27.6963465,65.4353618,0.3708741,55.3028618,54.8518868,37.3373924,1544.0653464,56326.4628600,24.4897691
2017-04-09 21:55:36.000,59.2401293,27.7006978,65.3160579,0.3603573,55.1835579,54.7335557,37.3431106,1544.0790174,56334.2226765,24.4921394
2017-04-09 21:55:47.000,59.3624595,27.8030108,65.1811661,0.3382135,55.0486661,54.5997639,37.3486931,1544.3085111,56345.8435289,24.4621809
2017-04-09 21:55:58.000,59.3396784,27.7795672,65.0914983,0.3618180,54.9589983,54.5108274,37.3511924,1544.2579591,56348.1691249,24.4713827
2017-04-09 21:56:09.000,59.2789550,27.7434910,65.0804552,0.3303259,54.9479552,54.4998743,37.3367232,1544.1628377,56327.3629205,24.4722844
2017-04-09 21:56:20.000,59.2335563,27.7077083,65.0854630,0.3624022,54.9529630,54.5048413,37.3329099,1544.0798292,56320.8006102,24.4811730
2017-04-09 21:56:31.000,59.2028429,27.6812390,65.0312152,0.3712247,54.8987152,54.4510359,37.3321462,1544.0195745,56318.6700454,24.4890435
2017-04-09 21:56:42.000,59.1962131,27.6708361,65.1816328,0.3662000,55.0491328,54.6002269,37.3356700,1544.0028222,56323.0091267,24.4957491
2017-04-09 21:56:53.000,59.1741681,27.6595360,65.2612239,0.3811572,55.1287239,54.6791690,37.3289408,1543.9720207,56313.5985316,24.4947229
2017-04-09 21:57:04.000,59.0911364,27.5973309,65.3276459,0.3984516,55.1951459,54.7450493,37.3193147,1543.8251029,56298.2359766,24.5081180
2017-04-09 21:57:15.000,59.0680897,27.5773518,65.4845895,0.3927842,55.3520895,54.9007131,37.3187586,1543.7828293,56296.7460998,24.5149035
2017-04-09 21:57:26.000,59.0784749,27.5845420,65.4883477,0.3972246,55.3558477,54.9044406,37.3204329,1543.8006224,56299.2751342,24.5138297
2017-04-09 21:57:37.000,59.0643052,27.5755440,65.5765344,0.3980426,55.4440344,54.9919082,37.3174701,1543.7789982,56294.9917684,24.5149168
2017-04-09 21:57:48.000,59.1294924,27.6156692,65.6017352,0.3722764,55.4692352,55.0169035,37.3319671,1543.8837865,56315.9861103,24.5128197
2017-04-09 21:57:59.000,59.2085783,27.6804286,65.5416555,0.3884606,55.4091555,54.9573137,37.3367195,1544.0312161,56324.9554075,24.4949341
2017-04-09 21:58:10.000,59.2413224,27.7047454,65.5169828,0.3446989,55.3844828,54.9328422,37.3406692,1544.0887604,56331.2158794,24.4898318
2017-04-09 21:58:21.000,59.2314516,27.7030285,65.6218150,0.3702314,55.4893150,55.0368195,37.3349721,1544.0806938,56323.5862331,24.4865518
2017-04-09 21:58:32.000,59.2518875,27.7094789,65.6240311,0.3708157,55.4915311,55.0390176,37.3443881,1544.1049644,56336.4187725,24.4915375
2017-04-09 21:58:43.000,59.2102154,27.6876748,65.7336936,0.3768337,55.6011936,55.1477858,37.3320466,1544.0455255,56319.0977744,24.4898601
2017-04-09 21:58:54.000,59.2036034,27.6740235,65.8724337,0.3590135,55.7399337,55.2853945,37.3381777,1544.0241559,56326.7780244,24.4995446
2017-04-09 21:59:05.000,59.1792538,27.6715093,66.0230844,0.3956471,55.8905844,55.4348167,37.3227766,1544.0048094,56306.1841455,24.4894123
2017-04-09 21:59:16.000,59.1399008,27.6305969,66.0718880,0.3816247,55.9393880,55.4832224,37.3273314,1543.9198651,56310.6079688,24.5064508
2017-04-09 21:59:27.000,59.1141794,27.6094328,66.2326575,0.4033010,56.1001575,55.6426809,37.3258168,1543.8740577,56307.7898203,24.5129235
2017-04-09 21:59:38.000,59.0253792,27.5440366,66.1588206,0.4084426,56.0263206,55.5694460,37.3146381,1543.7158326,56290.1776189,24.5255690
2017-04-09 21:59:49.000,58.9719544,27.5138134,66.3372134,0.4058134,56.2047134,55.7463841,37.3005358,1543.6367057,56270.2060130,24.5255783
2017-04-09 22:00:00.000,59.0293744,27.5397816,66.3051211,0.4049370,56.1726211,55.7145535,37.3208452,1543.7154235,56298.3510321,24.5322602
2017-04-09 22:00:11.000,59.0327332,27.5506338,66.3485538,0.4148111,56.2160538,55.7576320,37.3145639,1543.7335999,56290.4265870,24.5241684
2017-04-09 22:00:22.000,59.0521957,27.5699843,66.3663395,0.4241594,56.2338395,55.7752727,37.3130105,1543.7752178,56289.1472862,24.5167499
2017-04-09 22:00:33.000,59.0280821,27.5465327,66.4138972,0.3998538,56.2813972,55.8224425,37.3144950,1543.7255172,56290.1958695,24.5257357
2017-04-09 22:00:44.000,59.1015496,27.5951893,66.5256155,0.4139347,56.3931155,55.9332499,37.3280789,1543.8497996,56310.3515883,24.5205389
2017-04-09 22:00:55.000,59.0919589,27.5956295,66.5570673,0.3850134,56.4245673,55.9644452,37.3208708,1543.8436639,56300.7627840,24.5150997
2017-04-09 22:01:06.000,58.9790468,27.5255928,66.6764555,0.4295346,56.5439555,56.0828598,37.2960915,1543.6638875,56264.8944845,24.5198338
2017-04-09 22:01:17.000,58.9789462,27.5083374,66.7355728,0.4037100,56.6030728,56.1414951,37.3097824,1543.6410381,56282.4944803,24.5360343
2017-04-09 22:01:28.000,58.9536517,27.4914320,66.8665512,0.4191931,56.7340512,56.2714054,37.3051597,1543.6007325,56275.6967005,24.5386290
2017-04-09 22:01:39.000,58.8737933,27.4308798,66.9181090,0.4092021,56.7856090,56.3225428,37.2963937,1543.4574442,56261.5792584,24.5519903
2017-04-09 22:01:50.000,58.8464877,27.3966562,66.8993088,0.4073909,56.7668088,56.3038958,37.3042136,1543.3891013,56270.6356489,24.5689498
2017-04-09 22:02:01.000,58.7750265,27.3415529,66.8349413,0.4230493,56.7024413,56.2400532,37.2971072,1543.2574171,56258.9216698,24.5812507
2017-04-09 22:02:12.000,58.7591238,27.3277846,66.8619982,0.4065145,56.7294982,56.2668895,37.2967146,1543.2266761,56257.8607325,24.5855473
2017-04-09 22:02:23.000,58.7672451,27.3326143,66.7142080,0.4330402,56.5817080,56.1203044,37.2987204,1543.2371187,56260.6673641,24.5848567
2017-04-09 22:02:34.000,58.7931273,27.3498179,66.6553020,0.4291256,56.5228020,56.0618788,37.3035284,1543.2796845,56267.7452007,24.5826334
2017-04-09 22:02:45.000,58.7730974,27.3438381,66.6531578,0.4216470,56.5206578,56.0597521,37.2939524,1543.2561168,56254.7248444,24.5773532
2017-04-09 22:02:56.000,58.8223880,27.3765344,66.5868927,0.4293594,56.4543927,55.9940274,37.3031436,1543.3377981,56268.2696472,24.5733585
2017-04-09 22:03:07.000,58.8136120,27.3809361,66.5676298,0.3985100,56.4351298,55.9749215,37.2933383,1543.3368917,56255.3504748,24.5644552
2017-04-09 22:03:18.000,59.0245391,27.5467705,66.4763401,0.4330402,56.3438401,55.8843763,37.3117540,1543.7241891,56286.5735166,24.5238600
2017-04-09 22:03:29.000,59.0743797,27.5568632,66.2779793,0.4010224,56.1454793,55.6876330,37.3393645,1543.7725448,56323.7482027,24.5405136
2017-04-09 22:03:40.000,59.1197733,27.6187699,66.1598659,0.3706404,56.0273659,55.5704828,37.3223801,1543.8898884,56303.5536909,24.5069684
2017-04-09 22:03:51.000,59.1907625,27.6736243,66.0173158,0.3597146,55.8848158,55.4290951,37.3292962,1544.0163002,56314.9696493,24.4936050
2017-04-09 22:04:02.000,59.2313662,27.6975028,65.8930369,0.3782943,55.7605369,55.3058298,37.3392319,1544.0775532,56329.1582135,24.4927305
2017-04-09 22:04:13.000,59.2256879,27.6926690,65.7926865,0.3689460,55.6601865,55.2062977,37.3390721,1544.0650065,56328.7039016,24.4937662
2017-04-09 22:04:24.000,59.2226094,27.6951842,65.7829439,0.3620517,55.6504439,55.1966345,37.3348755,1544.0659587,56323.2025372,24.4897393
2017-04-09 22:04:35.000,59.2119453,27.6882409,65.8435240,0.3724516,55.7110240,55.2567206,37.3327933,1544.0494169,56320.1638714,24.4907061
2017-04-09 22:04:46.000,59.1978885,27.6754653,65.8273119,0.3809820,55.6948119,55.2406407,37.3329678,1544.0210669,56319.8652501,24.4949554
2017-04-09 22:04:57.000,59.0347471,27.5796236,66.0202899,0.3964651,55.8877899,55.4320450,37.2929674,1543.7695401,56262.6411629,24.4970220
2017-04-09 22:05:08.000,58.8880060,27.4425872,66.1641760,0.4119482,56.0316760,55.5747578,37.2974486,1543.4719736,56263.1383961,24.5457472
2017-04-09 22:05:19.000,58.9084900,27.4324276,66.1984638,0.3993280,56.0659638,55.6087660,37.3202274,1543.4740821,56293.1460669,24.5663674
2017-04-09 22:05:30.000,58.9637488,27.5015674,66.1845801,0.3969325,56.0520801,55.5949955,37.3044990,1543.6111071,56274.9358245,24.5319091
2017-04-09 22:05:41.000,59.0728721,27.6007637,66.0748131,0.4068066,55.9423131,55.4861236,37.3033019,1543.8283129,56277.3195411,24.4981260
2017-04-09 22:05:52.000,58.9754615,27.4866291,65.9696373,0.3832022,55.8371373,55.3818055,37.3248828,1543.5958802,56301.4459533,24.5512221
2017-04-09 22:06:03.000,59.1655132,27.6491673,65.8354263,0.3989774,55.7029263,55.2486889,37.3308588,1543.9607581,56315.9757759,24.5020168
2017-04-09 22:06:14.000,59.1782247,27.6615314,65.8185991,0.3955302,55.6860991,55.2319989,37.3300655,1543.9870080,56315.4165072,24.4972976
2017-04-09 22:06:25.000,59.1721928,27.6541340,65.7844930,0.4144021,55.6519930,55.1981709,37.3316761,1543.9717645,56317.2484518,24.5007881
2017-04-09 22:06:36.000,59.1731356,27.6558552,65.7381393,0.3705236,55.6056393,55.1521952,37.3309900,1543.9740682,56316.3837078,24.4995095
2017-04-09 22:06:47.000,59.1741894,27.6592382,65.6992178,0.3685955,55.5667178,55.1135912,37.3290550,1543.9788522,56313.9235671,24.4967777
2017-04-09 22:06:58.000,59.1889464,27.6691740,65.7025730,0.3760157,55.5700730,55.1169190,37.3316503,1544.0036505,56317.7961784,24.4954917
2017-04-09 22:07:09.000,59.2032962,27.6768357,65.7240681,0.3694135,55.5915681,55.1382388,37.3357623,1544.0253225,56323.6074409,24.4961700
2017-04-09 22:07:20.000,59.1920280,27.6701391,65.6598542,0.3819168,55.5273542,55.0745485,37.3330911,1544.0065940,56319.7405553,24.4960781
2017-04-09 22:07:31.000,59.2026353,27.6771753,65.6426285,0.3716921,55.5101285,55.0574633,37.3350461,1544.0239447,56322.6311189,24.4951713
2017-04-09 22:07:42.000,59.2259722,27.6915545,65.5650279,0.3666674,55.4325279,54.9804955,37.3402355,1544.0599436,56330.1147606,24.4940353
2017-04-09 22:07:53.000,59.2246841,27.6915783,65.4866986,0.3593640,55.3541986,54.9028050,37.3393232,1544.0577118,56328.8652107,24.4930058
2017-04-09 22:08:04.000,59.2328938,27.6961557,65.4473101,0.3657910,55.3148101,54.8637377,37.3415356,1544.0695149,56331.9893023,24.4930031
2017-04-09 22:08:15.000,59.2336509,27.6991718,65.4486538,0.3377461,55.3161538,54.8650704,37.3396694,1544.0742292,56329.6233476,24.4906144
2017-04-09 22:08:26.000,59.2345356,27.6998275,65.4708352,0.3543978,55.3383352,54.8870709,37.3397698,1544.0761586,56329.7937689,24.4905699
2017-04-09 22:08:37.000,59.2264382,27.6931100,65.4414119,0.3602989,55.3089119,54.8578876,37.3393660,1544.0603824,56328.9662194,24.4923424
2017-04-09 22:08:48.000,59.2197329,27.6905175,65.7221638,0.3482045,55.5896638,55.1363500,37.3365663,1544.0564070,56325.2415946,24.4922830
2017-04-09 22:08:59.000,59.1917985,27.6700319,65.8908180,0.3813325,55.7583180,55.3036289,37.3329400,1544.0100829,56319.6319034,24.4969862
2017-04-09 22:09:10.000,59.1242636,27.6256801,65.9790333,0.3998538,55.8465333,55.3911249,37.3201275,1543.8997728,56300.7532308,24.5022374
2017-04-09 22:09:21.000,59.0960915,27.6010433,66.0460363,0.4477054,55.9135363,55.4575814,37.3196615,1543.8457906,56299.1536775,24.5102344
2017-04-09 22:09:32.000,59.0056275,27.5396271,66.1291507,0.4162133,55.9966507,55.5400180,37.3040550,1543.6943141,56275.8611568,24.5189104
2017-04-09 22:09:43.000,58.7995883,27.3641072,66.0976808,0.4019572,55.9651808,55.5088048,37.2969011,1543.2951905,56259.2336213,24.5706073
2017-04-09 22:09:54.000,58.7899026,27.3529502,66.0899225,0.4117729,55.9574225,55.5011097,37.2988887,1543.2722467,56261.4376520,24.5757014
2017-04-09 22:10:05.000,58.7899910,27.3476923,66.1448245,0.4047617,56.0123245,55.5555641,37.3031435,1543.2659397,56266.9298606,24.5808525
2017-04-09 22:10:16.000,58.7989566,27.3563137,66.1488397,0.3890449,56.0163397,55.5595465,37.3026696,1543.2847667,56266.6431194,24.5777082
2017-04-09 22:10:27.000,58.8326057,27.3825180,66.1015750,0.4196021,55.9690750,55.5126672,37.3058324,1543.3458474,56271.8917279,24.5713625
2017-04-09 22:10:38.000,58.8721415,27.4180781,66.0414362,0.4056965,55.9089362,55.4530188,37.3057262,1543.4240603,56273.1496076,24.5594457
2017-04-09 22:10:49.000,58.9604296,27.4944718,66.1009466,0.4111302,55.9684466,55.5120440,37.3078211,1543.5974393,56279.0475294,24.5363702
2017-04-09 22:11:00.000,58.9346932,27.4808592,66.2462227,0.4166223,56.1137227,55.6561354,37.3002438,1543.5615531,56268.4460271,24.5357240
2017-04-09 22:11:11.000,58.9545598,27.4859642,66.1638135,0.4226403,56.0313135,55.5743982,37.3104013,1543.5823043,56282.1742725,24.5413588
2017-04-09 22:11:22.000,58.9714757,27.5026422,66.2018061,0.4030089,56.0693061,55.6120810,37.3091601,1543.6187319,56281.2076694,24.5351434
2017-04-09 22:11:33.000,59.0614999,27.5754489,66.1546954,0.4034179,56.0221954,55.5653545,37.3153597,1543.7862768,56292.4155537,24.5158287
2017-04-09 22:11:44.000,59.0719988,27.5727314,65.9717631,0.3884606,55.8392631,55.3839139,37.3250853,1543.7874792,56305.2077061,24.5232616
2017-04-09 22:11:55.000,59.1102429,27.6101230,65.9555405,0.3802224,55.8230405,55.3678236,37.3225441,1543.8674565,56303.3331628,24.5090485
2017-04-09 22:12:06.000,59.1403440,27.6240730,65.9866798,0.3734449,55.8541798,55.3987090,37.3328812,1543.9098575,56317.7119048,24.5124025
2017-04-09 22:12:17.000,59.1760966,27.6527404,65.9340681,0.3753730,55.8015681,55.3465263,37.3355248,1543.9752741,56322.3907880,24.5047824
2017-04-09 22:12:28.000,59.1677245,27.6488874,65.8823953,0.3599483,55.7498953,55.2952749,37.3326444,1543.9628208,56318.3670990,24.5036541
2017-04-09 22:12:39.000,59.1789759,27.6529012,65.8685869,0.3688876,55.7360869,55.2815791,37.3374706,1543.9765904,56324.9666071,24.5059156
2017-04-09 22:12:50.000,59.1611364,27.6462911,65.9763597,0.4005549,55.8438597,55.3884730,37.3299874,1543.9558368,56314.7544680,24.5029045
2017-04-09 22:13:01.000,59.1472426,27.6351868,66.0630845,0.3798719,55.9305845,55.4744906,37.3289095,1543.9315582,56312.8979860,24.5060991
2017-04-09 22:13:12.000,59.1401583,27.6321268,66.1068580,0.3800471,55.9743580,55.5179072,37.3262833,1543.9227323,56309.2864353,24.5053098
2017-04-09 22:13:23.000,59.0273065,27.5544855,66.0032504,0.4049370,55.8707504,55.4151444,37.3077208,1543.7290885,56281.3038353,24.5162793
2017-04-09 22:13:34.000,59.0784786,27.5832633,65.8922248,0.3743797,55.7597248,55.3050242,37.3213285,1543.8055299,56300.5889996,24.5166482
2017-04-09 22:13:45.000,59.0611550,27.5678973,65.9232566,0.3840202,55.7907566,55.3358030,37.3212160,1543.7718305,56299.8265175,24.5217199
2017-04-09 22:13:56.000,58.9793019,27.4896806,65.8734601,0.3859482,55.7409601,55.2864126,37.3252208,1543.6014105,56301.9796048,24.5500701
2017-04-09 22:14:07.000,58.9417114,27.4756953,65.9028869,0.3812741,55.7703869,55.3155994,37.3095001,1543.5541032,56280.4465388,24.5429148
2017-04-09 22:14:18.000,59.0386490,27.5489220,65.9240519,0.3921999,55.7915519,55.3365918,37.3202921,1543.7287304,56297.8227271,24.5272289
2017-04-09 22:14:29.000,58.9831244,27.5085155,65.9247519,0.4065729,55.7922519,55.3372861,37.3128846,1543.6310840,56286.2988478,24.5348481
2017-04-09 22:14:40.000,58.8370203,27.3948546,66.0282829,0.3969325,55.8957829,55.4399728,37.2991486,1543.3650530,56263.4338915,24.5619968
2017-04-09 22:14:51.000,58.9728721,27.5231155,66.0341464,0.3931347,55.9016464,55.4457885,37.2938597,1543.6452076,56261.5435914,24.5162166
2017-04-09 22:15:02.000,58.9163627,27.4526361,65.9374491,0.3802808,55.8049491,55.3498798,37.3097840,1543.5036376,56279.9106521,24.5507963
2017-04-09 22:15:13.000,58.9425400,27.4776421,65.9570980,0.3777101,55.8245980,55.3693685,37.3085198,1543.5583085,56279.2396077,24.5417729
2017-04-09 22:15:24.000,58.9572594,27.4935337,66.0415983,0.3977505,55.9090983,55.4531797,37.3063222,1543.5927638,56276.9839586,24.5352934
2017-04-09 22:15:35.000,59.0053166,27.5235433,65.8897022,0.3837280,55.7572022,55.3025222,37.3167547,1543.6680107,56292.0576739,24.5327073
2017-04-09 22:15:46.000,59.0843759,27.5695145,65.8647541,0.3653820,55.7322541,55.2777775,37.3365287,1543.7906720,56320.3034327,24.5324762
2017-04-09 22:15:57.000,58.9610018,27.4896449,66.0390860,0.3733281,55.9065860,55.4506878,37.3121071,1543.5902059,56284.5466982,24.5409099
2017-04-09 22:16:08.000,59.0064339,27.5210304,66.0813869,0.3760157,55.9488869,55.4926438,37.3195002,1543.6685617,56295.7012388,24.5364154
2017-04-09 22:16:19.000,59.2025383,27.6676013,66.1973546,0.3515349,56.0648546,55.6076658,37.3424393,1544.0199271,56332.3388769,24.5062468
2017-04-09 22:16:30.000,59.1998619,27.6701272,66.2890902,0.3588966,56.1565902,55.6986534,37.3384869,1544.0228726,56327.2064957,24.5028341
2017-04-09 22:16:41.000,59.0541883,27.5779168,66.4235905,0.3605910,56.2910905,55.8320568,37.3080835,1543.7885636,56282.9181426,24.5106898
2017-04-09 22:16:52.000,59.1931738,27.6605962,66.5343586,0.3876426,56.4018586,55.9419217,37.3412449,1544.0088275,56330.5998385,24.5090819
2017-04-09 22:17:03.000,59.1967331,27.6717655,66.6458601,0.3628112,56.5133601,56.0525139,37.3348366,1544.0286334,56322.5526511,24.5010721
2017-04-09 22:17:14.000,59.2015841,27.6707944,66.6153940,0.3638629,56.4828940,56.0222962,37.3390792,1544.0304673,56328.1620909,24.5044556
2017-04-09 22:17:25.000,59.2049554,27.6719442,66.7272350,0.3685955,56.5947350,56.1332253,37.3405301,1544.0364308,56330.1927226,24.5056494
2017-04-09 22:17:36.000,59.1959211,27.6670592,66.6153755,0.3603573,56.4828755,56.0222779,37.3380216,1544.0210802,56326.5973863,24.5048829
2017-04-09 22:17:47.000,59.1919189,27.6651709,66.6040352,0.3626359,56.4715352,56.0110301,37.3366781,1544.0152865,56324.7222370,24.5044413
2017-04-09 22:17:58.000,59.1887524,27.6614301,66.4099998,0.3641550,56.2774998,55.8185769,37.3374661,1544.0045767,56325.5385945,24.5054314
2017-04-09 22:18:09.000,59.1770969,27.6569213,66.3723682,0.3617011,56.2398682,55.7812522,37.3327638,1543.9889797,56319.0623474,24.5032059
2017-04-09 22:18:20.000,59.1773725,27.6525796,66.3560671,0.3573191,56.2235671,55.7650841,37.3364296,1543.9829775,56323.7697876,24.5073194
2017-04-09 22:18:31.000,59.1764890,27.6515136,66.2971784,0.3552157,56.1646784,55.7066755,37.3366687,1543.9798797,56324.0203833,24.5075971
2017-04-09 22:18:42.000,59.1714401,27.6454574,66.1189714,0.3534629,55.9864714,55.5299218,37.3379567,1543.9648355,56325.4160759,24.5097893
2017-04-09 22:18:53.000,59.1569603,27.6355142,66.1002184,0.3524697,55.9677184,55.5113217,37.3355689,1543.9399661,56321.8146161,24.5111666
2017-04-09 22:19:04.000,59.1532722,27.6305612,66.0404476,0.3548068,55.9079476,55.4520384,37.3369098,1543.9294086,56323.3763094,24.5135428
2017-04-09 22:19:15.000,59.1482912,27.6286266,66.0681307,0.3636292,55.9356307,55.4794956,37.3348914,1543.9234486,56320.6151988,24.5127741
2017-04-09 22:19:26.000,59.1457277,27.6260313,66.0440959,0.3766584,55.9115959,55.4556569,37.3351414,1543.9175586,56320.8326060,24.5137092
2017-04-09 22:19:37.000,59.1363921,27.6205554,66.1024603,0.3659078,55.9699603,55.5135454,37.3328322,1543.9039582,56317.5517421,24.5140116
2017-04-09 22:19:48.000,59.1296230,27.6142529,66.0648837,0.3743797,55.9323837,55.4762752,37.3330444,1543.8895814,56317.5615225,24.5160735
2017-04-09 22:19:59.000,59.1206724,27.6078976,66.1749499,0.3562674,56.0424499,55.5854438,37.3316948,1543.8759138,56315.5474999,24.5176068
2017-04-09 22:20:10.000,59.1109848,27.5989551,66.2432994,0.3534045,56.1107994,55.6532360,37.3318974,1543.8574494,56315.4819188,24.5209771
2017-04-09 22:20:21.000,59.1079413,27.5972655,66.2417001,0.3708157,56.1092001,55.6516497,37.3310742,1543.8528028,56314.3137448,24.5209029
2017-04-09 22:20:32.000,59.1345848,27.6146456,66.0397440,0.3520607,55.9072440,55.4513405,37.3362800,1543.8934587,56321.8850164,24.5182747
2017-04-09 22:20:43.000,59.1702493,27.6405690,65.8446346,0.3718090,55.7121346,55.2578222,37.3410956,1543.9527194,56329.2890930,24.5125823
2017-04-09 22:20:54.000,59.2578114,27.7095088,65.5083853,0.3237237,55.3758853,54.9243148,37.3486215,1544.1075687,56342.0207511,24.4942221
2017-04-09 22:21:05.000,59.4309393,27.8446815,64.9482104,0.2971395,54.8157104,54.3687079,37.3642657,1544.4128583,56368.2592586,24.4592105
2017-04-09 22:21:16.000,59.4605970,27.8733459,63.6052857,0.2924654,53.4727857,53.0367343,37.3629381,1544.4519201,56367.1184592,24.4430432
2017-04-09 22:21:27.000,59.4600743,27.8747932,62.2474928,0.3086496,52.1149928,51.6900137,37.3618421,1544.4310912,56365.1457669,24.4359430
2017-04-09 22:21:38.000,59.4620051,27.8810977,60.9158061,0.3116293,50.7833061,50.3691865,37.3586147,1544.4191260,56360.5427850,24.4257505
2017-04-09 22:21:49.000,59.5427214,27.9426093,59.5984661,0.3104608,49.4659661,49.0625889,37.3673849,1544.5413513,56374.2710338,24.4064645
2017-04-09 22:22:00.000,59.6725476,28.0328043,58.0930427,0.2896024,47.9605427,47.5694416,37.3881768,1544.7356600,56405.1889782,24.3859264
2017-04-09 22:22:11.000,59.7409510,28.0834532,56.4979451,0.2677508,46.3654451,45.9873515,37.3968602,1544.8287414,56418.2567449,24.3689130
2017-04-09 22:22:22.000,59.8027297,28.1330342,55.0092740,0.2682767,44.8767740,44.5108200,37.4016485,1544.9169917,56426.1359110,24.3497570
2017-04-09 22:22:33.000,59.8693143,28.1766408,54.1859327,0.2689194,44.0534327,43.6941927,37.4143495,1545.0116166,56444.6034621,24.3413590
2017-04-09 22:22:44.000,59.9058471,28.2147873,53.5754197,0.2602722,43.4429197,43.0886582,37.4100700,1545.0798818,56440.2765069,24.3228860
2017-04-09 22:22:55.000,59.9566964,28.2489497,52.7754588,0.2728924,42.6429588,42.2952208,37.4191134,1545.1502650,56453.4791288,24.3149434
2017-04-09 22:23:06.000,60.1470614,28.3990686,51.5999861,0.2617329,41.4674861,41.1293336,37.4346582,1545.4724662,56480.2394198,24.2717167
2017-04-09 22:23:17.000,60.2793994,28.5343522,50.0034892,0.2103173,39.8709892,39.5458556,37.4211596,1545.7234954,56467.4973462,24.2096341
2017-04-09 22:23:28.000,60.3049689,28.5930701,48.3269705,0.2016701,38.1944705,37.8830082,37.3932569,1545.7922980,56432.1628338,24.1618716
2017-04-09 22:23:39.000,60.3073817,28.6427111,46.3742484,0.2304745,36.2417484,35.9462099,37.3564196,1545.8273368,56384.3933814,24.1092286
2017-04-09 22:23:50.000,60.3208627,28.6683066,45.1145497,0.2013780,34.9820497,34.6967836,37.3460964,1545.8502153,56371.2317726,24.0875229
2017-04-09 22:24:01.000,60.3129974,28.6700503,44.3607907,0.2003263,34.2282907,33.9491713,37.3394505,1545.8342638,56362.1272214,24.0787252
2017-04-09 22:24:12.000,60.2970920,28.6668242,43.5333670,0.1992746,33.4008670,33.1284949,37.3311097,1545.8046179,56350.5085256,24.0700024
2017-04-09 22:24:23.000,60.2262145,28.6419035,42.8771013,0.1896926,32.7446013,32.4775808,37.3012863,1545.7086393,56309.3181973,24.0531118
2017-04-09 22:24:34.000,60.2251751,28.6458931,42.0797216,0.1793511,31.9472216,31.6867034,37.2976676,1545.6999678,56304.3349779,24.0456532
2017-04-09 22:24:45.000,60.1234238,28.6096339,40.8335606,0.1664972,30.7010606,30.4507045,37.2552846,1545.5563962,56245.6250838,24.0205835
2017-04-09 22:24:56.000,59.9440011,28.5734554,39.3789052,0.1574410,29.2464052,29.0079112,37.1584116,1545.3519919,56114.0489895,23.9535973
2017-04-09 22:25:07.000,59.8416870,28.5618807,37.6157816,0.1215085,27.4832816,27.2591653,37.0963270,1545.2319584,56029.8675104,23.9032376
2017-04-09 22:25:18.000,59.7767091,28.5596740,35.6950743,0.1031625,25.5625743,25.3541207,37.0531166,1545.1493309,55971.2374115,23.8632739
2017-04-09 22:25:29.000,59.7835924,28.5718060,34.1579304,0.1220928,24.0254304,23.8295117,37.0489263,1545.1451678,55965.5395715,23.8495123
2017-04-09 22:25:40.000,59.7871583,28.5749835,33.4929155,0.1196389,23.3604155,23.1699197,37.0491450,1545.1410402,55965.6981326,23.8457775
2017-04-09 22:25:51.000,59.7816095,28.5891514,33.0597992,0.1005917,22.9272992,22.7403353,37.0343195,1545.1486526,55946.3322598,23.8280494
2017-04-09 22:26:02.000,59.7732683,28.5834801,31.6061673,0.1028704,21.4736673,21.2985573,37.0333576,1545.1109300,55944.1973184,23.8230130
2017-04-09 22:26:13.000,59.7801363,28.5905829,30.4414820,0.1094726,20.3089820,20.1433695,37.0329762,1545.1062033,55943.5220990,23.8153832
2017-04-09 22:26:24.000,59.7817178,28.5946049,29.5811101,0.1057333,19.4486101,19.2900137,37.0312065,1545.0985043,55940.9805725,23.8090365
2017-04-09 22:26:35.000,59.7802825,28.5965826,28.9994284,0.1086546,18.8669284,18.7130753,37.0288358,1545.0904655,55937.6601692,23.8041099
2017-04-09 22:26:46.000,59.7760183,28.5904859,28.5342046,0.1039221,18.4017046,18.2516453,37.0307562,1545.0715188,55939.7653891,23.8056030
2017-04-09 22:26:57.000,59.7829759,28.5996221,27.9795661,0.1011176,17.8470661,17.7015297,37.0286614,1545.0796418,55937.1417541,23.7986098
2017-04-09 22:27:08.000,59.7804068,28.5953328,27.5770553,0.1058501,17.4445553,17.3023012,37.0303373,1545.0653880,55939.0259412,23.7995836
2017-04-09 22:27:19.000,59.7742501,28.5920267,27.4573655,0.1077198,17.3248655,17.1835874,37.0286462,1545.0544705,55936.5701826,23.7989042
2017-04-09 22:27:30.000,59.7867552,28.6032868,27.5405304,0.1046232,17.4080304,17.2660742,37.0285799,1545.0800484,55937.0145253,23.7954508
2017-04-09 22:27:41.000,59.7811700,28.5992338,27.9343230,0.1007670,17.8018230,17.6566555,37.0277143,1545.0770462,55935.8402064,23.7978340
2017-04-09 22:27:52.000,59.7807132,28.5944532,28.2814177,0.1160748,18.1489177,18.0009198,37.0310220,1545.0760834,55940.1921012,23.8033994
2017-04-09 22:28:03.000,59.7846219,28.5965037,28.3314437,0.1071355,18.1989437,18.0505379,37.0321414,1545.0825207,55941.7995411,23.8037705
2017-04-09 22:28:14.000,59.7840962,28.5916506,28.5431809,0.1081872,18.4106809,18.2605484,37.0354997,1545.0791735,55946.1601731,23.8088203
2017-04-09 22:28:25.000,59.7859286,28.5968859,28.9245304,0.1224434,18.7920304,18.6387881,37.0325749,1545.0937939,55942.6401268,23.8065012
2017-04-09 22:28:36.000,59.7899986,28.6026254,29.1463095,0.1134456,19.0138095,18.8587587,37.0308724,1545.1080963,55940.7101618,23.8042515
2017-04-09 22:28:47.000,59.7877406,28.6009387,29.3505929,0.0950996,19.2180929,19.0613762,37.0305463,1545.1075636,55940.2837835,23.8054415
2017-04-09 22:28:58.000,59.7854225,28.5974805,29.6746086,0.1000075,19.5421086,19.3827497,37.0315250,1545.1066075,55941.5720465,23.8087153
2017-04-09 22:29:09.000,59.7862219,28.5969769,30.0058393,0.1134456,19.8733393,19.7112794,37.0323760,1545.1120006,55942.8234979,23.8109376
2017-04-09 22:29:20.000,59.7907585,28.6006232,30.0468510,0.1203984,19.9143510,19.7519566,37.0326910,1545.1208747,55943.4228964,23.8101325
2017-04-09 22:29:31.000,59.7898780,28.6010054,29.4047341,0.1189962,19.2722341,19.1150759,37.0319738,1545.1101227,55942.2169153,23.8067241
2017-04-09 22:29:42.000,59.7949526,28.6079347,29.3937164,0.1199894,19.2612164,19.1041480,37.0301171,1545.1229000,55940.0377352,23.8029671
2017-04-09 22:29:53.000,59.7918666,28.6036933,30.5514538,0.1485017,20.4189538,20.2524446,37.0309131,1545.1341154,55941.3903297,23.8099245
2017-04-09 22:30:04.000,59.7907713,28.5974380,32.2277091,0.1227355,22.0952091,21.9150306,37.0345165,1545.1526859,55946.6194985,23.8218792
2017-04-09 22:30:15.000,59.7894993,28.5926090,33.1940942,0.1312658,23.0615942,22.8735352,37.0371010,1545.1612914,55950.2579061,23.8295606
2017-04-09 22:30:26.000,59.7772158,28.5760327,32.5332496,0.1012344,22.4007496,22.2180795,37.0416567,1545.1192450,55955.3415708,23.8356982
2017-04-09 22:30:37.000,59.7866907,28.5977049,30.8244562,0.1411399,20.6919562,20.5232207,37.0318833,1545.1268433,55942.5343174,23.8138189
2017-04-09 22:30:48.000,59.7851317,28.5874772,31.5088312,0.1301557,21.3763312,21.2020148,37.0385719,1545.1233910,55951.3028107,23.8251853
2017-04-09 22:30:59.000,59.7871406,28.5854149,33.0664573,0.1392703,22.9339573,22.7469390,37.0411103,1545.1478673,55955.2456029,23.8344325
2017-04-09 22:31:10.000,59.7835674,28.5720668,34.8555416,0.1333107,24.7230416,24.5214341,37.0484900,1545.1570243,55965.2553177,23.8520752
2017-04-09 22:31:21.000,59.7751831,28.5591344,35.5576848,0.1045063,25.4251848,25.2178516,37.0525117,1545.1452159,55970.3486419,23.8624124
2017-04-09 22:31:32.000,59.7987748,28.6036084,32.3059410,0.0934637,22.1734410,21.9926245,37.0352751,1545.1680886,55947.9386168,23.8207237
2017-04-09 22:31:43.000,59.7928430,28.6080804,27.5405833,0.0833558,17.4080833,17.2661266,37.0290974,1545.0909136,55937.9185140,23.7942399
2017-04-09 22:31:54.000,59.7924160,28.6068668,22.9803154,0.1014681,12.8478154,12.7430461,37.0311514,1545.0136200,55938.7321184,23.7767193
2017-04-09 22:32:05.000,59.7934957,28.6142642,18.6652505,0.0862187,8.5327505,8.4631689,37.0274590,1544.9529398,55932.3487996,23.7530473
2017-04-09 22:32:16.000,59.7879797,28.6111934,14.5675885,0.0980210,4.4350885,4.3989219,37.0272593,1544.8770686,55930.2575883,23.7364237
2017-04-09 22:32:27.000,59.7223669,28.6085234,11.2898838,0.1003580,1.1573838,1.1479457,36.9844278,1544.7709842,55871.5438540,23.6910992
2017-04-09 22:32:38.000,59.6901375,28.6024191,10.4816538,0.0832390,0.3491538,0.3463066,36.9668800,1544.7257442,55847.4840363,23.6764847
2017-04-09 22:32:49.000,59.4316235,28.5823156,10.3881271,0.3118046,0.2556271,0.2535426,36.8016450,1544.5068624,55625.5962386,23.5585050
2017-04-09 22:33:00.000,0.0019772,28.5061968,10.2259178,0.0228841,0.0934178,0.0926560,0.0130625,1505.6347631,1.8531114,-3.8995288
2017-04-09 22:34:06.000,59.6575257,28.5959577,10.5615463,0.1191715,0.4290463,0.4255476,36.9490669,1544.6944188,55823.4175501,23.6655825
2017-04-09 22:34:17.000,59.6435791,28.5861489,10.5736432,0.1080704,0.4411432,0.4375458,36.9469468,1544.6712622,55820.1529827,23.6673109
2017-04-09 22:34:28.000,59.6391186,28.5885933,10.5264781,0.1424838,0.3939781,0.3907654,36.9419332,1544.6704534,55813.5395678,23.6625231
2017-04-09 22:34:39.000,59.3928237,28.5535514,10.5141290,0.1279355,0.3816290,0.3785169,36.7967900,1544.4418425,55617.8806195,23.5649752
2017-04-09 22:34:50.000,56.6465413,28.5393634,10.2224327,0.1939578,0.0899327,0.0891994,34.8933113,1542.4029768,53059.6137539,22.1374949
2017-04-09 22:35:01.000,59.3567388,28.5283539,10.5705613,0.1039805,0.4380613,0.4344891,36.7910790,1544.3823938,55609.1513609,23.5693107
2017-04-09 22:35:12.000,59.4878432,28.5535332,10.4240763,0.1154321,0.2915763,0.2891986,36.8633568,1544.5103968,55706.8788817,23.6146669
2017-04-09 22:35:23.000,59.5870870,28.5627537,10.4011502,0.1222096,0.2686502,0.2664594,36.9256806,1544.5955382,55790.6140815,23.6583771
2017-04-09 22:35:34.000,59.5533149,28.5421086,10.2941766,0.1071940,0.1616766,0.1603582,36.9181495,1544.5412779,55779.5874171,23.6591341
2017-04-09 22:35:45.000,59.4716446,28.4716300,10.2697510,0.0414054,0.1372510,0.1361317,36.9158646,1544.3862468,55773.4136688,23.6807707
2017-04-09 22:35:56.000,8.1547469,28.0744158,10.1953705,0.0256301,0.0628705,0.0623578,4.2340356,1509.1472705,7702.4488184,-0.6165068
