10/04/2017 21:43:59 09°12.33534 S  034°45.79749 W 1709.5
Time,Conductivity,Temperature,Pressure,Chlorophyll a,Sea pressure,Depth,Salinity,Speed of sound,Specific conductivity,Density anomaly
2017-04-10 21:43:57.000,60.7410460,29.0086629,10.2747327,0.0155807,0.1422327,0.1410729,37.3827309,1546.0283440,56421.1357403,23.8521089
2017-04-10 21:44:12.000,0.0088086,29.0435072,10.1894234,0.1567399,0.0569234,0.0564593,0.0147452,1506.9225607,8.1770643,-4.0548684
2017-04-10 21:49:05.000,60.4301917,28.7723420,17.6038787,0.1589601,7.4713787,7.4104523,37.3492457,1545.6129395,56368.7273236,23.9376531
2017-04-10 21:49:16.000,60.3515048,28.6590727,21.3308568,0.1681915,11.1983568,11.1070382,37.3822030,1545.4676876,56409.1647664,24.0162920
2017-04-10 21:49:27.000,60.3568593,28.6537701,24.1607846,0.1644522,14.0282846,13.9138889,37.3892554,1545.5114110,56419.5104094,24.0354486
2017-04-10 21:49:38.000,60.3403059,28.6454316,26.9113988,0.1541691,16.7788988,16.6420729,37.3833780,1545.5336608,56412.4353248,24.0455553
2017-04-10 21:49:49.000,60.3036879,28.6102710,30.3882027,0.1470995,20.2557027,20.0905247,37.3843599,1545.5177171,56413.6203666,24.0728899
2017-04-10 21:50:00.000,60.2304427,28.5676162,35.3453847,0.2021959,25.2128847,25.0072826,37.3650960,1545.4891658,56388.0763335,24.0938064
2017-04-10 21:50:11.000,60.1975643,28.5342370,37.9490472,0.1836746,27.8165472,27.5897133,37.3675487,1545.4637070,56390.9534305,24.1179083
2017-04-10 21:50:22.000,60.1966511,28.5282509,40.7020569,0.2034813,30.5695569,30.3202731,37.3707761,1545.5005800,56396.1383692,24.1340824
2017-04-10 21:50:33.000,60.1820991,28.5180919,44.2043173,0.2078633,34.0718173,33.7939738,37.3674888,1545.5342077,56392.7565063,24.1499445
2017-04-10 21:50:44.000,60.1975634,28.5203149,48.5532773,0.2027218,38.4207773,38.1074696,37.3752403,1545.6204250,56405.0029149,24.1735898
2017-04-10 21:50:55.000,60.2111458,28.5283115,50.9383301,0.2145824,40.8058301,40.4730732,37.3777226,1545.6804560,56409.6567498,24.1829633
2017-04-10 21:51:06.000,60.1929735,28.5150270,52.5224114,0.2565913,42.3899114,42.0442369,37.3749584,1545.6755804,56406.0402711,24.1920768
2017-04-10 21:51:17.000,60.1916815,28.5132645,53.0427050,0.2081555,42.9102050,42.5602877,37.3752810,1545.6808826,56406.6090172,24.1951274
2017-04-10 21:51:28.000,60.1893401,28.5105693,52.9961558,0.2418093,42.8636558,42.5141180,37.3757789,1545.6748099,56407.1358821,24.1962030
2017-04-10 21:51:39.000,60.1849995,28.5081105,53.6666357,0.2002679,43.5341357,43.1791304,37.3744637,1545.6794132,56405.5505931,24.1988946
2017-04-10 21:51:50.000,60.2019001,28.5160082,52.0043896,0.2052341,41.8718896,41.5304393,37.3806128,1545.6749291,56413.4145434,24.1937928
2017-04-10 21:52:01.000,60.2082873,28.5242828,48.8534719,0.1979892,38.7209719,38.4052163,37.3795440,1545.6385716,56411.0454513,24.1767836
2017-04-10 21:52:12.000,60.2125381,28.5298867,46.1085304,0.1844926,35.9760304,35.6826588,37.3789575,1545.6037979,56409.3710836,24.1627601
2017-04-10 21:52:23.000,60.1895127,28.5225017,43.7424848,0.1591938,33.6099848,33.3359074,37.3693570,1545.5379057,56395.2523485,24.1479075
2017-04-10 21:52:34.000,60.1883358,28.5194790,41.5739198,0.1632253,31.4414198,31.1850262,37.3715907,1545.4972128,56397.2004664,24.1413434
2017-04-10 21:52:45.000,60.1921875,28.5253550,39.6683416,0.1739174,29.5358416,29.2949874,37.3702494,1545.4763690,56394.8788613,24.1302416
2017-04-10 21:52:56.000,60.1953226,28.5275966,38.1624572,0.1666724,28.0299572,27.8013829,37.3711494,1545.4567827,56395.5539797,24.1237444
2017-04-10 21:53:07.000,60.2010336,28.5324011,36.8492250,0.1569736,26.7167250,26.4988597,37.3717749,1545.4456761,56396.0558822,24.1170072
2017-04-10 21:53:18.000,60.2186566,28.5461145,35.6748678,0.1488523,25.5423678,25.3340790,37.3736873,1545.4574586,56398.7264990,24.1088563
2017-04-10 21:53:29.000,60.2670157,28.5775305,33.8660300,0.1598949,23.7335300,23.5399916,37.3833905,1545.5048579,56412.3151507,24.0979441
2017-04-10 21:53:40.000,60.2874717,28.5897458,33.3860371,0.1530590,23.2535371,23.0639128,37.3882494,1545.5281749,56419.1414714,24.0954693
2017-04-10 21:53:51.000,60.2990964,28.6017396,32.8311703,0.1593691,22.6986703,22.5135707,37.3871114,1545.5434271,56417.9253553,24.0882367
2017-04-10 21:54:02.000,60.2966109,28.5953571,34.1806387,0.1572073,24.0481387,23.8520347,37.3899845,1545.5554601,56422.0351803,24.0982899
2017-04-10 21:54:13.000,60.2935720,28.5932702,34.0439477,0.1646275,23.9114477,23.7164585,37.3895425,1545.5482026,56421.2960285,24.0980716
2017-04-10 21:54:24.000,60.2981449,28.5948778,34.0824320,0.1423669,23.9499320,23.7546289,37.3914690,1545.5543383,56423.9539987,24.0991477
2017-04-10 21:54:35.000,60.3047607,28.5992823,33.7561222,0.1415489,23.6236222,23.4309801,37.3927345,1545.5596476,56425.7028512,24.0972351
2017-04-10 21:54:46.000,60.3138115,28.6103256,33.4826063,0.1561556,23.3501063,23.1596945,37.3904531,1545.5763843,56423.0358096,24.0906597
2017-04-10 21:54:57.000,60.3197408,28.6116122,33.2383423,0.1603039,23.1058423,22.9174224,37.3936709,1545.5784241,56427.2855137,24.0916080
2017-04-10 21:55:08.000,60.3019580,28.5993066,33.2319594,0.1597781,23.0994594,22.9110916,37.3909129,1545.5489506,56423.0559580,24.0936199
2017-04-10 21:55:19.000,60.2906937,28.5940710,34.0876220,0.1499624,23.9551220,23.7597766,37.3868786,1545.5478551,56417.7951247,24.0959864
2017-04-10 21:55:30.000,60.2809265,28.5862338,35.3369136,0.1682500,25.2044136,24.9988806,37.3858238,1545.5509295,56416.5579025,24.1031431
2017-04-10 21:55:41.000,60.2299278,28.5511087,37.1761964,0.1757870,27.0436964,26.8231648,37.3771895,1545.4971984,56404.2436239,24.1162302
2017-04-10 21:55:52.000,60.2112649,28.5357034,39.0387701,0.1967623,28.9062701,28.6705498,37.3756700,1545.4937812,56402.3079616,24.1281788
2017-04-10 21:56:03.000,60.2030879,28.5288749,41.2086099,0.2109015,31.0761099,30.8226954,37.3746449,1545.5145346,56401.5389075,24.1389462
2017-04-10 21:56:14.000,60.2006800,28.5241374,43.4899181,0.1884072,33.3574181,33.0854003,37.3759849,1545.5441616,56404.0646446,24.1512700
2017-04-10 21:56:25.000,60.2347407,28.5369941,46.2294148,0.1998589,36.0969148,35.8025574,37.3888950,1545.6316233,56422.9957509,24.1683786
2017-04-10 21:56:36.000,60.2146593,28.5280631,49.1417641,0.2146409,39.0092641,38.6911575,37.3809435,1545.6530524,56413.1991715,24.1778044
2017-04-10 21:56:47.000,60.2122925,28.5174256,52.2673523,0.2201914,42.1348523,41.7912577,37.3867092,1545.6888387,56421.7216396,24.1990277
2017-04-10 21:56:58.000,60.1511181,28.4801878,55.5129692,0.2506902,45.3804692,45.0104078,37.3721386,1545.6477991,56401.9884425,24.2143389
2017-04-10 21:57:09.000,60.0594449,28.4035527,58.7531123,0.2916474,48.6206123,48.2241286,37.3672253,1545.5315299,56393.4290278,24.2500081
2017-04-10 21:57:20.000,59.9249048,28.2970160,61.9153256,0.3048518,51.7828256,51.3605552,37.3557525,1545.3417296,56374.8133333,24.2903068
2017-04-10 21:57:31.000,59.5511026,27.9880735,65.5013773,0.3424787,55.3688773,54.9173640,37.3353370,1544.7065365,56335.8891799,24.3925468
2017-04-10 21:57:42.000,59.2238733,27.7467246,69.1460811,0.4135257,59.0135811,58.5323465,37.2936535,1544.1927834,56271.7214450,24.4561547
2017-04-10 21:57:53.000,58.8516389,27.3923835,72.9569911,0.4384155,62.8244911,62.3121799,37.3093980,1543.4869646,56279.9531468,24.6001388
2017-04-10 21:58:04.000,58.2092327,26.8896480,76.9755617,0.4186673,66.8430617,66.2979805,37.2490761,1542.3598922,56181.5140134,24.7346186
2017-04-10 21:58:15.000,57.5629489,26.3333268,80.8139886,0.4826446,70.6814886,70.1051064,37.2272484,1541.1301746,56133.4247166,24.9124908
2017-04-10 21:58:26.000,57.2118611,26.0036077,84.9209160,0.6602037,74.7884160,74.1785433,37.2364017,1540.4458231,56135.7991692,25.0413503
2017-04-10 21:58:37.000,56.6026964,25.4884774,89.1247066,0.9421714,78.9922066,78.3480535,37.2057632,1539.2764165,56079.4794258,25.1976384
2017-04-10 21:58:48.000,56.3952393,25.2983532,93.5034821,1.7891263,83.3709821,82.6911216,37.2060293,1538.9000611,56075.6893635,25.2756945
2017-04-10 21:58:59.000,56.2358962,25.0876321,98.2371094,1.5089698,88.1046094,87.3861479,37.2589809,1538.5347931,56141.9273688,25.4012059
2017-04-10 21:59:10.000,56.2325423,25.0807156,103.0153871,1.4110465,92.8828871,92.1254604,37.2605829,1538.6001366,56145.9839116,25.4250609
2017-04-10 21:59:21.000,56.0593649,24.9429696,107.5551708,1.1147058,97.4226708,96.6282239,37.2430855,1538.3276877,56120.4958831,25.4737371
2017-04-10 21:59:32.000,55.4708597,24.4700327,112.6163806,0.6682666,102.4838806,101.6481613,37.1898514,1537.2128747,56038.0983088,25.5997418
2017-04-10 21:59:43.000,54.8128843,24.0064406,117.5464435,0.5419478,107.4139435,106.5380213,37.0739119,1536.0347912,55873.1889262,25.6731441
2017-04-10 21:59:54.000,54.6633430,23.8606347,121.2784174,0.4801907,111.1459174,110.2395623,37.0800046,1535.7438112,55879.3832780,25.7374971
2017-04-10 22:00:05.000,54.2491058,23.6019779,124.4076220,0.3362270,114.2751220,113.3432493,36.9773388,1535.0418264,55737.4186714,25.7502475
2017-04-10 22:00:16.000,53.8490898,23.2655743,127.3086260,0.2901283,117.1761260,116.2205967,36.9495820,1534.2171487,55694.0977615,25.8411422
2017-04-10 22:00:27.000,53.7448382,23.1751718,130.0417119,0.3314945,119.9092119,118.9313952,36.9438130,1534.0286710,55685.7205037,25.8751194
2017-04-10 22:00:38.000,53.4453556,22.9500112,132.6134974,0.2488205,122.4809974,121.4822087,36.8996650,1533.4532039,55623.2730208,25.9186215
2017-04-10 22:00:49.000,53.2905809,22.8431496,135.1070981,0.2408161,124.9745981,123.9554751,36.8681973,1533.1885321,55580.2563865,25.9366364
2017-04-10 22:01:00.000,52.9168303,22.5891524,137.7513230,0.2137645,127.6188230,126.5781372,36.7892225,1532.4964569,55471.1195149,25.9617391
2017-04-10 22:01:11.000,52.5697425,22.3099903,140.2882776,0.1646275,130.1557776,129.0944039,36.7514756,1531.7779052,55417.0240288,26.0243549
2017-04-10 22:01:22.000,52.2260160,22.0306223,141.5541062,0.1445871,131.4216062,130.3499101,36.7162294,1531.0345644,55366.1113733,26.0828022
2017-04-10 22:01:33.000,52.2267435,22.0185297,141.7582297,0.1523579,131.6257297,130.5523691,36.7269950,1531.0183054,55380.4427378,26.0953027
2017-04-10 22:01:44.000,52.2501276,22.0419695,141.3457579,0.1610050,131.2132579,130.1432608,36.7257675,1531.0711844,55378.9486651,26.0859217
2017-04-10 22:01:55.000,52.3540370,22.1060089,140.8673474,0.1781241,130.7348474,129.6687516,36.7538256,1531.2609012,55417.2376183,26.0869389
2017-04-10 22:02:06.000,52.4364309,22.2371016,140.3437521,0.1752612,130.2112521,129.1494260,36.7080387,1531.5422356,55357.7337257,26.0124708
2017-04-10 22:02:17.000,52.6474632,22.2325660,139.6792190,0.2161015,129.5467190,128.4903119,36.8786095,1531.7071499,55585.6066953,26.1404605
2017-04-10 22:02:28.000,52.8468071,22.4712680,139.0505260,0.1868881,128.9180260,127.8667457,36.8334067,1532.2636105,55528.7795328,26.0348916
2017-04-10 22:02:39.000,52.8790325,22.5146814,138.5899409,0.2316431,128.4574409,127.4099165,36.8221629,1532.3552890,55514.2719831,26.0118568
2017-04-10 22:02:50.000,52.9582906,22.5764364,138.0092178,0.2167442,127.8767178,126.8339290,36.8323513,1532.5154766,55528.7186146,25.9992649
2017-04-10 22:03:01.000,53.1462868,22.6987499,137.0440398,0.2138813,126.9115398,125.8766217,36.8765949,1532.8614067,55589.6681929,25.9932963
2017-04-10 22:03:12.000,53.2818433,22.8080351,135.8079730,0.2308251,125.6754730,124.6506346,36.8907269,1533.1354207,55610.0428803,25.9669677
2017-04-10 22:03:23.000,53.3464709,22.8619037,134.8171218,0.2361419,124.6846218,123.6678634,36.8960754,1533.2620107,55617.7693085,25.9510814
2017-04-10 22:03:34.000,53.3708758,22.8824345,134.1939872,0.2720744,124.0614872,123.0498102,36.8980162,1533.3059893,55620.4736465,25.9438878
2017-04-10 22:03:45.000,53.3702360,22.8830049,134.0222250,0.2481778,123.8897250,122.8794487,36.8970969,1533.3035615,55619.1754638,25.9422832
2017-04-10 22:03:56.000,53.3680820,22.8798459,133.8801796,0.2527936,123.7476796,122.7385616,36.8981289,1533.2942758,55620.4281121,25.9433737
2017-04-10 22:04:07.000,53.3714633,22.8846942,133.7205152,0.2291307,123.5880152,122.5801992,36.8967351,1533.3024191,55618.5843016,25.9402153
2017-04-10 22:04:18.000,53.3794351,22.8899049,133.6003813,0.2417509,123.4678813,122.4610450,36.8985993,1533.3157133,55621.1230541,25.9395937
2017-04-10 22:04:29.000,53.3873750,22.8908045,133.2823089,0.2380116,123.1498089,122.1455664,36.9041385,1533.3187518,55628.4004512,25.9421626
2017-04-10 22:04:40.000,53.4450772,22.9359798,131.9556442,0.2511576,121.8231442,120.8297201,36.9114895,1533.4194981,55638.5018909,25.9288488
2017-04-10 22:04:51.000,53.5410781,22.9966063,130.2828292,0.2738856,120.1503292,119.1705464,36.9357179,1533.5719866,55671.3315594,25.9223173
2017-04-10 22:05:02.000,53.7605378,23.1793368,129.8771918,0.3185237,119.7446918,118.7682168,36.9525373,1534.0459693,55697.3961583,25.8798039
2017-04-10 22:05:13.000,53.7750198,23.1982373,129.3047282,0.2935170,119.1722282,118.2004214,36.9480793,1534.0792072,55691.5710636,25.8684044
2017-04-10 22:05:24.000,53.7804836,23.2006677,129.1615341,0.3097013,119.0290341,118.0583950,36.9503200,1534.0853914,55694.5520381,25.8687725
2017-04-10 22:05:35.000,53.7918487,23.2076675,129.0568782,0.2879081,118.9243782,117.9545925,36.9532802,1534.1045300,55698.6098786,25.8685097
2017-04-10 22:05:46.000,53.8255913,23.2301491,128.8256189,0.2960878,118.6931189,117.7252191,36.9606088,1534.1653459,55708.7793742,25.8664625
2017-04-10 22:05:57.000,53.8439134,23.2453691,128.0814312,0.3312023,117.9489312,116.9870999,36.9622687,1534.1930570,55710.9805097,25.8600379
2017-04-10 22:06:08.000,53.8728242,23.2652599,127.2649218,0.3063709,117.1324218,116.1772489,36.9682234,1534.2359929,55718.9914756,25.8551823
2017-04-10 22:06:19.000,53.9144221,23.2941361,127.1151601,0.3452248,116.9826601,116.0287084,36.9762107,1534.3148806,55730.2243001,25.8520920
2017-04-10 22:06:30.000,53.9860655,23.3460941,127.0203579,0.3846044,116.8878579,115.9346793,36.9880148,1534.4567874,55747.0940838,25.8453195
2017-04-10 22:06:41.000,54.1453034,23.4465073,126.8048016,0.4036516,116.6723016,115.7208808,37.0267624,1534.7473148,55801.0149340,25.8441080
2017-04-10 22:06:52.000,54.3338571,23.6048619,126.7624469,0.4311122,116.6299469,115.6788715,37.0392702,1535.1559332,55821.3359141,25.8064676
2017-04-10 22:07:03.000,54.4859157,23.6953930,126.6440053,0.4671031,116.5115053,115.5613957,37.0803421,1535.4241053,55878.2906310,25.8101574
2017-04-10 22:07:14.000,54.5236304,23.7526951,126.5526839,0.4840468,116.4201839,115.4708190,37.0613752,1535.5442916,55854.2760478,25.7783157
2017-04-10 22:07:25.000,54.5401625,23.7644043,126.3896179,0.4543660,116.2571179,115.3090828,37.0643172,1535.5738289,55858.4142593,25.7763506
2017-04-10 22:07:36.000,54.5453152,23.7707546,126.2164595,0.5141366,116.0839595,115.1373364,37.0630184,1535.5852746,55856.7528406,25.7727267
2017-04-10 22:07:47.000,54.5602403,23.7798753,126.1085039,0.4836379,115.9760039,115.0302611,37.0668710,1535.6102894,55862.0713346,25.7724594
2017-04-10 22:07:58.000,54.5714941,23.7871616,126.0288432,0.4980693,115.8963432,114.9512500,37.0694323,1535.6298167,55865.6333825,25.7718824
2017-04-10 22:08:09.000,54.5887276,23.7982875,125.8381099,0.4474717,115.7056099,114.7620721,37.0734030,1535.6585343,55871.1212010,25.7707485
2017-04-10 22:08:20.000,54.6026379,23.8092429,125.7677900,0.4819435,115.6352900,114.6923257,37.0749275,1535.6861738,55873.3921840,25.7683293
2017-04-10 22:08:31.000,54.6016633,23.8148075,125.7391300,0.4633053,115.6066300,114.6638993,37.0695420,1535.6936243,55866.3189883,25.7624637
2017-04-10 22:08:42.000,54.6062785,23.8149967,125.5887653,0.4894221,115.4562653,114.5147608,37.0729696,1535.6953056,55870.8344627,25.7643569
2017-04-10 22:08:53.000,54.6110785,23.8198162,125.4719148,0.5208557,115.3394148,114.3988632,37.0726590,1535.7049537,55870.4836120,25.7621790
2017-04-10 22:09:04.000,54.6122450,23.8208903,125.3379278,0.5174085,115.2054278,114.2659688,37.0727007,1535.7054171,55870.5043660,25.7613131
2017-04-10 22:09:15.000,54.6201653,23.8233948,125.0815336,0.4872019,114.9490336,114.0116655,37.0767607,1535.7117475,55875.8726856,25.7625373
2017-04-10 22:09:26.000,54.6343913,23.8353955,124.9515708,0.4821772,114.8190708,113.8827624,37.0776715,1535.7402896,55877.3234391,25.7590820
2017-04-10 22:09:37.000,54.6193084,23.8240627,124.7888338,0.5140782,114.6563338,113.7213525,37.0756466,1535.7072892,55874.2669339,25.7602341
2017-04-10 22:09:48.000,54.6180026,23.8244356,124.6844800,0.4997637,114.5519800,113.6178496,37.0743710,1535.7050778,55872.5240897,25.7587072
2017-04-10 22:09:59.000,54.6165500,23.8230831,124.5413985,0.5093456,114.4088985,113.4759349,37.0744375,1535.6994037,55872.5146055,25.7585459
2017-04-10 22:10:10.000,54.6191169,23.8226935,124.4291740,0.4802491,114.2966740,113.3646256,37.0767667,1535.6990941,55875.5657860,25.7599440
2017-04-10 22:10:21.000,54.6183806,23.8238066,124.3969477,0.5107479,114.2644477,113.3326621,37.0752841,1535.6996990,55873.5974011,25.7583495
2017-04-10 22:10:32.000,54.6567468,23.8536293,124.4112456,0.5137861,114.2787456,113.3468434,37.0797372,1535.7786375,55880.2836288,25.7528710
2017-04-10 22:10:43.000,54.6850232,23.8744362,124.4148249,0.5311973,114.2823249,113.3503935,37.0839951,1535.8348189,55886.4858797,25.7498889
2017-04-10 22:10:54.000,54.7291461,23.9048961,124.3349865,0.5518219,114.2024865,113.2712062,37.0923336,1535.9178728,55898.3429379,25.7467455
2017-04-10 22:11:05.000,54.7732296,23.9379637,124.3615737,0.5508287,114.2290737,113.2975765,37.0984156,1536.0066260,55907.3032198,25.7415615
2017-04-10 22:11:16.000,54.7915270,23.9491724,124.3477132,0.5444602,114.2152132,113.2838291,37.1030449,1536.0391005,55913.7613082,25.7416488
2017-04-10 22:11:27.000,54.8042897,23.9607177,124.4122278,0.5835477,114.2797278,113.3478176,37.1031369,1536.0687763,55914.2028890,25.7385345
2017-04-10 22:11:38.000,54.8170744,23.9678580,124.3239814,0.5762443,114.1914814,113.2602908,37.1069726,1536.0890864,55919.4658599,25.7389188
2017-04-10 22:11:49.000,54.8266660,23.9772922,124.3456261,0.5802174,114.2131261,113.2817590,37.1064176,1536.1121185,55918.9715270,25.7357617
2017-04-10 22:12:00.000,54.8248610,23.9775990,124.2816691,0.5949993,114.1491691,113.2183235,37.1048053,1536.1100518,55916.7963070,25.7341733
2017-04-10 22:12:11.000,54.8176520,23.9711606,124.1751759,0.5953499,114.0426759,113.1126988,37.1047088,1536.0922815,55916.4569681,25.7355734
2017-04-10 22:12:22.000,54.8091947,23.9660282,123.9125290,0.5611702,113.7800290,112.8521936,37.1026222,1536.0729525,55913.4210670,25.7344024
2017-04-10 22:12:33.000,54.7971728,23.9542142,123.7490832,0.5422984,113.6165832,112.6900807,37.1033542,1536.0418570,55914.0280533,25.7377962
2017-04-10 22:12:44.000,54.7753921,23.9423466,123.6941660,0.5365725,113.5616660,112.6356114,37.0966378,1536.0043390,55904.7337013,25.7360299
2017-04-10 22:12:55.000,54.7588454,23.9290373,123.7217069,0.5404871,113.5892069,112.6629276,37.0950926,1535.9702526,55902.3496420,25.7389662
2017-04-10 22:13:06.000,54.7498841,23.9208480,123.6133368,0.5279838,113.4808368,112.5554412,37.0951162,1535.9482338,55902.1277421,25.7409711
2017-04-10 22:13:17.000,54.7502570,23.9210431,123.4902155,0.5448691,113.3577155,112.4333240,37.0952804,1535.9468326,55902.2958111,25.7405073
2017-04-10 22:13:28.000,54.7521001,23.9216396,123.5264396,0.5672466,113.3939396,112.4692527,37.0961788,1535.9498898,55903.5273940,25.7411650
2017-04-10 22:13:39.000,54.7556174,23.9260714,123.7197569,0.5706354,113.5872569,112.6609935,37.0951018,1535.9629039,55902.2871035,25.7398533
2017-04-10 22:13:50.000,54.7611641,23.9306485,123.8852261,0.5619298,113.7527261,112.8251134,37.0954640,1535.9773742,55902.9604421,25.7394683
2017-04-10 22:14:01.000,54.7579643,23.9288645,124.1594122,0.5936555,114.0269122,113.0970636,37.0944142,1535.9764176,55901.6384749,25.7403873
2017-04-10 22:14:12.000,54.7626239,23.9317357,124.3674663,0.5675972,114.2349663,113.3034211,37.0955076,1535.9881822,55903.2656016,25.7412504
2017-04-10 22:14:23.000,54.7555707,23.9259711,124.5780933,0.5262310,114.4455933,113.5123305,37.0948571,1535.9767631,55902.3488413,25.7433910
2017-04-10 22:14:34.000,54.7561519,23.9257481,124.8459228,0.5869364,114.7134228,113.7779759,37.0953960,1535.9812831,55903.1853333,25.7450183
2017-04-10 22:14:45.000,54.7534663,23.9228381,125.1733948,0.5565545,115.0408948,114.1027775,37.0956607,1535.9798659,55903.6157096,25.7474995
2017-04-10 22:14:56.000,54.7445896,23.9190642,125.3410625,0.5531073,115.2085625,114.2690780,37.0919690,1535.9693354,55898.6663638,25.7465550
2017-04-10 22:15:07.000,54.7264139,23.9002986,125.5039922,0.5494849,115.3714922,114.4306790,37.0936840,1535.9275516,55900.5659604,25.7541748
2017-04-10 22:15:18.000,54.6467956,23.8514799,125.8686082,0.5400197,115.7361082,114.7923217,37.0734192,1535.7908448,55872.4547579,25.7549987
2017-04-10 22:15:29.000,54.5720637,23.7911779,126.1338123,0.4746401,116.0013123,115.0553632,37.0664767,1535.6383174,55861.8296796,25.7688961
2017-04-10 22:15:40.000,54.5617427,23.7831624,126.4393299,0.4898311,116.3068299,115.3583894,37.0651621,1535.6221219,55860.0187942,25.7716075
2017-04-10 22:15:51.000,54.5577880,23.7782568,126.6450902,0.4859749,116.5125902,115.5624718,37.0661608,1535.6144850,55861.3285724,25.7747138
2017-04-10 22:16:02.000,54.5502918,23.7746641,126.8933912,0.4821188,116.7608912,115.8087480,37.0633337,1535.6066513,55857.5778153,25.7747125
2017-04-10 22:16:13.000,54.5064188,23.7435728,127.2231425,0.4788469,117.0906425,116.1358103,37.0555741,1535.5265498,55846.6122694,25.7795262
2017-04-10 22:16:24.000,54.4841661,23.7253823,127.4421934,0.4902985,117.3096934,116.3530749,37.0536394,1535.4829258,55843.6918731,25.7844253
2017-04-10 22:16:35.000,54.4715796,23.7156139,127.6505679,0.4595076,117.5180679,116.5597502,37.0520797,1535.4604416,55841.4698730,25.7870510
2017-04-10 22:16:46.000,54.4502300,23.7007976,127.9201571,0.4311122,117.7876571,116.8271409,37.0479946,1535.4236746,55835.7818762,25.7895294
2017-04-10 22:16:57.000,54.4373270,23.6885394,128.1939587,0.4295931,118.0614587,117.0987098,37.0482489,1535.3980514,55835.9561565,25.7945509
2017-04-10 22:17:08.000,54.4314171,23.6800428,128.3810951,0.4552424,118.2485951,117.2843202,37.0507547,1535.3827781,55839.1890587,25.7997846
2017-04-10 22:17:19.000,54.3976324,23.6587453,128.7726746,0.4554177,118.6401746,117.6727065,37.0424944,1535.3273334,55827.8277450,25.8015484
2017-04-10 22:17:30.000,54.3473422,23.6243214,129.0694183,0.4236920,118.9369183,117.9670303,37.0325578,1535.2357367,55813.8775284,25.8055316
2017-04-10 22:17:41.000,54.3358106,23.6127770,129.1445222,0.4283661,119.0120222,118.0415218,37.0333295,1535.2090629,55814.6738328,25.8098703
2017-04-10 22:17:52.000,54.2924972,23.5870940,129.3368474,0.4546582,119.2043474,118.2322787,37.0214568,1535.1352978,55798.2982292,25.8093286
2017-04-10 22:18:03.000,54.2711123,23.5549370,129.3866251,0.3795797,119.2541251,118.2816505,37.0319117,1535.0672752,55811.5503606,25.8270106
2017-04-10 22:18:14.000,54.1924089,23.5139066,129.5041868,0.3937190,119.3716868,118.3982534,37.0056481,1534.9380979,55775.5638523,25.8197755
2017-04-10 22:18:25.000,54.1523955,23.4786260,129.6301776,0.4301773,119.4976776,118.5232169,37.0043332,1534.8505324,55773.0627367,25.8297707
2017-04-10 22:18:36.000,54.1162590,23.4479900,129.6694680,0.3666090,119.5369680,118.5621869,37.0021371,1534.7720994,55769.4547495,25.8373410
2017-04-10 22:18:47.000,54.0008964,23.3601095,129.8637875,0.3594225,119.7312875,118.7549218,36.9867325,1534.5381639,55746.9988126,25.8524634
2017-04-10 22:18:58.000,53.9738733,23.3413548,129.9099685,0.3541056,119.7774685,118.8007262,36.9815753,1534.4862034,55739.7143252,25.8542852
2017-04-10 22:19:09.000,53.9679681,23.3403606,130.0314319,0.3694135,119.8989319,118.9211990,36.9778051,1534.4816214,55734.7088656,25.8522433
2017-04-10 22:19:20.000,53.9739776,23.3425645,130.1185003,0.3504247,119.9860003,119.0075575,36.9805692,1534.4916330,55738.4921056,25.8540641
2017-04-10 22:19:31.000,53.9808933,23.3474474,130.1531887,0.3366360,120.0206887,119.0419630,36.9818036,1534.5058269,55740.2653413,25.8537092
2017-04-10 22:19:42.000,53.9871040,23.3517286,130.3143747,0.3635708,120.1818747,119.2018346,36.9829543,1534.5205331,55741.9718053,25.8540131
2017-04-10 22:19:53.000,53.9889464,23.3538721,130.3853854,0.3562674,120.2528854,119.2722662,36.9825550,1534.5266684,55741.5179102,25.8533839
2017-04-10 22:20:04.000,53.9967221,23.3544466,130.5829615,0.3608831,120.4504615,119.4682311,36.9880109,1534.5373743,55748.9144001,25.8582021
2017-04-10 22:20:15.000,54.0022136,23.3599824,130.7575152,0.3517101,120.6250152,119.6413614,36.9875483,1534.5536906,55748.4982521,25.8569699
2017-04-10 22:20:26.000,53.9862188,23.3546179,130.9119525,0.3624022,120.7794525,119.7945394,36.9796413,1534.5341711,55737.8820306,25.8532234
2017-04-10 22:20:37.000,53.9671753,23.3382342,131.1431963,0.3435304,121.0106963,120.0238974,36.9785931,1534.4957426,55736.2279913,25.8582579
2017-04-10 22:20:48.000,53.9378092,23.3209105,131.2388034,0.3385057,121.1063034,120.1187249,36.9704007,1534.4448600,55724.9420657,25.8575663
2017-04-10 22:20:59.000,53.9009483,23.2896601,131.4355294,0.3501326,121.3030294,120.3138467,36.9680571,1534.3670024,55721.2209269,25.8658450
2017-04-10 22:21:10.000,53.8826311,23.2697176,131.4112440,0.3285731,121.2787440,120.2897593,36.9706364,1534.3192261,55724.2272951,25.8735683
2017-04-10 22:21:21.000,53.8445979,23.2483474,131.4659415,0.3385641,121.3334415,120.3440108,36.9591292,1534.2537553,55708.4099824,25.8713672
2017-04-10 22:21:32.000,53.7885031,23.2120110,131.6305699,0.3220877,121.4980699,120.5072966,36.9461523,1534.1507511,55690.3617051,25.8729206
2017-04-10 22:21:43.000,53.6932161,23.1508533,131.7292783,0.2769823,121.5967783,120.6052001,36.9236417,1533.9734412,55659.0203851,25.8742328
2017-04-10 22:21:54.000,53.4819592,22.9850643,131.8432038,0.2618497,121.7107038,120.7181967,36.8989140,1533.5285067,55622.6105352,25.9044970
2017-04-10 22:22:05.000,53.4258395,22.9323023,132.0487404,0.2453734,121.9162404,120.9220571,36.8995768,1533.3986617,55622.5420371,25.9212847
2017-04-10 22:22:16.000,53.4001380,22.9123539,132.2816293,0.2567666,122.1491293,121.1530469,36.8962786,1533.3482262,55617.8461864,25.9256029
2017-04-10 22:22:27.000,53.3900432,22.9012711,132.4152236,0.2505149,122.2827236,121.2855518,36.8977023,1533.3238301,55619.5947827,25.9304893
2017-04-10 22:22:38.000,53.3743368,22.8889395,132.7132105,0.2579351,122.5807105,121.5811087,36.8957485,1533.2952966,55616.8791590,25.9338850
2017-04-10 22:22:49.000,53.3680734,22.8877493,133.0771254,0.2491127,122.9446254,121.9420561,36.8917442,1533.2939666,55611.6700129,25.9327632
2017-04-10 22:23:00.000,53.3662739,22.8832792,133.3678857,0.2485868,123.2353857,122.2304453,36.8940059,1533.2899301,55614.7428272,25.9370356
2017-04-10 22:23:11.000,53.4020303,22.9108889,133.6389883,0.2706722,123.5064883,122.4993372,36.8985142,1533.3696499,55621.4380919,25.9335808
2017-04-10 22:23:22.000,53.4410168,22.9373521,133.8018414,0.2773912,123.6693414,122.6608622,36.9065316,1533.4484328,55632.7569138,25.9326496
2017-04-10 22:23:33.000,53.6200152,23.0486119,133.8879083,0.2938092,123.7554083,122.7462273,36.9520439,1533.7819890,55695.8850425,25.9350400
2017-04-10 22:23:44.000,53.7545915,23.1780090,134.1280718,0.3099934,123.9955718,122.9844323,36.9475748,1534.1083084,55692.6989004,25.8947526
2017-04-10 22:23:55.000,53.7903145,23.2047352,134.2805703,0.3074810,124.1480703,123.1356873,36.9527493,1534.1839481,55700.2515163,25.8914828
2017-04-10 22:24:06.000,53.8392126,23.2428488,134.2855190,0.3082406,124.1530190,123.1405956,36.9586038,1534.2865035,55708.8915447,25.8847372
2017-04-10 22:24:17.000,53.8875993,23.2650668,133.9800426,0.3472113,123.8475426,122.8376102,36.9774980,1534.3579937,55734.4854410,25.8912097
2017-04-10 22:24:28.000,53.9112197,23.2949695,133.7708378,0.3732696,123.6383378,122.6301114,36.9707381,1534.4223625,55725.9971030,25.8763765
2017-04-10 22:24:39.000,53.9194741,23.3008424,133.4746005,0.3208608,123.3421005,122.3362899,36.9722941,1534.4338781,55728.0677885,25.8745496
2017-04-10 22:24:50.000,53.9549176,23.3222688,133.0979258,0.3432382,122.9654258,121.9626868,36.9818420,1534.4918774,55741.1232862,25.8738510
2017-04-10 22:25:01.000,53.9835540,23.3450887,132.8150638,0.3594225,122.6825638,121.6821314,36.9849200,1534.5478465,55745.6059483,25.8682361
2017-04-10 22:25:12.000,54.0245090,23.3725973,132.5692899,0.3719258,122.4367899,121.4383618,36.9935594,1534.6222386,55757.6457535,25.8656092
2017-04-10 22:25:23.000,54.0589722,23.4044963,132.3892767,0.3892786,122.2567767,121.2598165,36.9934726,1534.6991599,55758.1529066,25.8553464
2017-04-10 22:25:34.000,54.0864453,23.4230981,132.1144435,0.3799887,121.9819435,120.9872245,36.9991679,1534.7474112,55766.0533602,25.8529825
2017-04-10 22:25:45.000,54.1125932,23.4446539,131.7881674,0.3746719,121.6556674,120.6636090,37.0013776,1534.7983717,55769.3390997,25.8468779
2017-04-10 22:25:56.000,54.1234687,23.4506015,131.4190672,0.4187257,121.2865672,120.2975187,37.0049051,1534.8109397,55774.0177158,25.8462028
2017-04-10 22:26:07.000,54.2225079,23.5168587,131.1149828,0.3983347,120.9824828,119.9959140,37.0257999,1534.9944135,55803.3038381,25.8411122
2017-04-10 22:26:18.000,54.3142459,23.5955836,130.8989910,0.4368380,120.7664910,119.7816835,37.0305391,1535.1925200,55811.3492571,25.8204171
2017-04-10 22:26:29.000,54.3568269,23.6288322,130.6209029,0.4693817,120.4884029,119.5058631,37.0355401,1535.2761960,55818.6793597,25.8131306
2017-04-10 22:26:40.000,54.4041641,23.6603995,130.3719780,0.4637727,120.2394780,119.2589681,37.0455787,1535.3615831,55832.7206557,25.8102784
2017-04-10 22:26:51.000,54.4492740,23.6977259,130.0584815,0.4495750,119.9259815,118.9480281,37.0490972,1535.4530341,55838.1609036,25.8004844
2017-04-10 22:27:02.000,54.4698689,23.7119859,129.7394719,0.4769772,119.6069719,118.6316199,37.0530855,1535.4874894,55843.6831851,25.7978857
2017-04-10 22:27:13.000,54.4940208,23.7267549,129.4871057,0.4837547,119.3546057,118.3813117,37.0593508,1535.5267891,55852.2916706,25.7971458
2017-04-10 22:27:24.000,54.5149146,23.7414940,129.0567245,0.4815345,118.9242245,117.9544401,37.0631992,1535.5603860,55857.5894172,25.7938156
2017-04-10 22:27:35.000,54.5507682,23.7704821,128.6346547,0.4804828,118.5021547,117.5358121,37.0665982,1535.6289807,55862.6346456,25.7859280
2017-04-10 22:27:46.000,54.5605520,23.7827397,128.4452398,0.4835794,118.3127398,117.3479418,37.0639171,1535.6533015,55859.2615079,25.7794234
2017-04-10 22:27:57.000,54.5529607,23.7773669,128.2001385,0.5134355,118.0676385,117.1048392,37.0626734,1535.6345160,55857.3579517,25.7790297
2017-04-10 22:28:08.000,54.5373263,23.7659668,127.9833147,0.4538402,117.8508147,116.8897836,37.0602922,1535.6000063,55853.8023574,25.7796941
2017-04-10 22:28:19.000,54.5267816,23.7567369,127.7862054,0.5060737,117.6537054,116.6942816,37.0599907,1535.5734692,55853.0871768,25.7813705
2017-04-10 22:28:30.000,54.5122859,23.7479198,127.7382878,0.4925187,117.6057878,116.6467548,37.0562632,1535.5467185,55847.8728143,25.7809694
2017-04-10 22:28:41.000,54.5019944,23.7378033,127.6853967,0.5385006,117.5528967,116.5942950,37.0568460,1535.5213447,55848.3848443,25.7841996
2017-04-10 22:28:52.000,54.5211420,23.7507772,127.6262510,0.4768603,117.4937510,116.5356316,37.0607032,1535.5567715,55853.8229811,25.7829994
2017-04-10 22:29:03.000,54.5732685,23.7825784,127.5472885,0.4937457,117.4147885,116.4573130,37.0741030,1535.6489551,55872.4569626,25.7833244
2017-04-10 22:29:14.000,54.6058089,23.8106841,127.4949240,0.5043209,117.3624240,116.4053755,37.0755615,1535.7193528,55875.0631341,25.7758120
2017-04-10 22:29:25.000,54.6961057,23.8758455,127.2499274,0.5412467,117.1174274,116.1623767,37.0903277,1535.8926652,55896.2742416,25.7664636
2017-04-10 22:29:36.000,54.7579413,23.9269634,127.0859493,0.5450444,116.9534493,115.9997359,37.0949850,1536.0213480,55903.6872769,25.7539802
2017-04-10 22:29:47.000,54.7713363,23.9374229,126.9767489,0.5541006,116.8442489,115.8914259,37.0965285,1536.0470308,55905.9601994,25.7515452
2017-04-10 22:29:58.000,54.7428294,23.9235126,127.3216878,0.5782309,117.1891878,116.2335519,37.0862359,1536.0072572,55892.0201876,25.7494010
2017-04-10 22:30:09.000,54.6637522,23.8700247,128.0114152,0.5210310,117.8789152,116.9176548,37.0701790,1535.8690969,55869.5585482,25.7562182
2017-04-10 22:30:20.000,54.5682690,23.7979982,128.8917311,0.4832289,118.7592311,117.7907921,37.0569294,1535.6910129,55850.4978352,25.7714956
2017-04-10 22:30:31.000,54.3903967,23.6585122,130.1137484,0.4534312,119.9812484,119.0028444,37.0366729,1535.3428597,55820.6569196,25.8029795
2017-04-10 22:30:42.000,54.2200682,23.5309394,130.8603132,0.3968741,120.7278132,119.7433212,37.0122151,1535.0105253,55785.3525954,25.8255448
2017-04-10 22:30:53.000,54.1765714,23.4974155,131.5156765,0.4255616,121.3831765,120.3933402,37.0065708,1534.9315343,55777.3456494,25.8340234
2017-04-10 22:31:04.000,54.1478688,23.4744249,132.1282765,0.3895707,121.9957765,121.0009446,37.0035057,1534.8809238,55773.0098034,25.8411464
2017-04-10 22:31:15.000,54.1423354,23.4676892,132.6666365,0.3973415,122.5341365,121.5349146,37.0046996,1534.8743773,55774.7011125,25.8463639
2017-04-10 22:31:26.000,54.1441471,23.4691780,133.1081325,0.3939527,122.9756325,121.9728103,37.0046967,1534.8854892,55774.9337120,25.8478225
2017-04-10 22:31:37.000,54.1786487,23.4958708,133.3991352,0.3982763,123.2666352,122.2614399,37.0088177,1534.9616431,55781.1788824,25.8442954
2017-04-10 22:31:48.000,54.3854842,23.6416892,132.9944219,0.4537233,122.8619219,121.8600270,37.0459864,1535.3593370,55834.0274818,25.8274423
2017-04-10 22:31:59.000,54.6189358,23.8162600,132.1388323,0.5272243,122.0063323,121.0114144,37.0793683,1535.8150655,55882.4053991,25.7970140
2017-04-10 22:32:10.000,54.7771796,23.9321873,130.9222901,0.5632152,120.7897901,119.8047926,37.1040176,1536.1083124,55917.6321553,25.7757605
2017-04-10 22:32:21.000,54.9252674,24.0394900,129.4895141,0.6766216,119.3570141,118.3837005,37.1280216,1536.3750167,55951.7435711,25.7555725
2017-04-10 22:32:32.000,55.3003419,24.3272440,127.6771703,0.7757719,117.5446703,116.5861356,37.1742514,1537.1003947,56020.1810091,25.6959696
2017-04-10 22:32:43.000,55.4371248,24.4214548,125.6233096,0.8849716,115.4908096,114.5490235,37.2002822,1537.3239206,56056.5617501,25.6782825
2017-04-10 22:32:54.000,55.5983948,24.5536684,123.4868224,0.9251692,113.3543224,112.4299585,37.2131604,1537.6233938,56076.4426483,25.6386471
2017-04-10 22:33:05.000,55.7121128,24.6259551,121.1045084,0.9594657,110.9720084,110.0670714,37.2398227,1537.7874817,56112.9985429,25.6265517
2017-04-10 22:33:16.000,55.8028656,24.7085498,118.4784865,1.0047465,108.3459865,107.4624638,37.2406253,1537.9440162,56115.2422612,25.5906522
2017-04-10 22:33:27.000,55.8719226,24.7657775,115.3332968,1.0385756,105.2007968,104.3429220,37.2462557,1538.0354557,56122.9971732,25.5638958
2017-04-10 22:33:38.000,55.9251225,24.8015694,111.9137108,1.1912449,101.7812108,100.9512215,37.2577789,1538.0768213,56137.8865133,25.5469659
2017-04-10 22:33:49.000,56.0868436,24.9241155,108.4162349,1.1232945,98.2837349,97.4822663,37.2789976,1538.3356709,56168.2534643,25.5103908
2017-04-10 22:34:00.000,56.2198478,25.0381657,104.9801029,1.4373386,94.8476029,94.0741547,37.2855546,1538.5583270,56178.8952907,25.4654971
2017-04-10 22:34:11.000,56.2293465,25.0726691,101.4580854,1.4307948,91.3255854,90.5808580,37.2653518,1538.5599416,56151.4095112,25.4244646
2017-04-10 22:34:22.000,56.5153567,25.2846873,97.4355776,0.8274212,87.3030776,86.5911523,37.3054587,1539.0406645,56209.7147777,25.3719649
2017-04-10 22:34:33.000,56.7565234,25.5176732,92.9803491,0.6392869,82.8478491,82.1722546,37.2946971,1539.5056457,56200.8344181,25.2722856
2017-04-10 22:34:44.000,56.9674723,25.7533611,88.3948222,0.4736469,78.2623222,77.6241210,37.2593191,1539.9446384,56159.3837709,25.1522173
2017-04-10 22:34:55.000,57.2999353,26.0618332,83.4313690,0.4123572,73.2988690,72.7011430,37.2542048,1540.5751760,56160.9345386,25.0300392
2017-04-10 22:35:06.000,57.7551164,26.4190635,78.3007441,0.3844876,68.1682441,67.6123565,37.2988663,1541.3617132,56231.0243447,24.9285046
2017-04-10 22:35:17.000,58.4315081,26.9962520,73.3811806,0.3870583,63.2486806,62.7329103,37.3250275,1542.6214594,56285.4337832,24.7421513
2017-04-10 22:35:28.000,58.7241706,27.2667999,68.5011289,0.3324877,58.3686289,57.8926537,37.3199660,1543.1424631,56287.1682372,24.6298904
2017-04-10 22:35:39.000,59.6665808,28.0175318,63.8841658,0.2620834,53.7516658,53.3133402,37.3942729,1544.8061572,56415.1042809,24.4202841
2017-04-10 22:35:50.000,60.2074678,28.4694817,60.7672656,0.2584025,50.6347656,50.2218573,37.4185632,1545.7621044,56465.6526601,24.2752497
2017-04-10 22:36:01.000,60.3371696,28.5641481,58.1984017,0.2346228,48.0659017,47.6739415,37.4356157,1545.9409440,56491.4979757,24.2455093
2017-04-10 22:36:12.000,60.3878280,28.6103499,55.6732270,0.2272610,45.5407270,45.1693587,37.4354364,1545.9976320,56492.2531248,24.2191536
2017-04-10 22:36:23.000,60.4095182,28.6294387,53.2632242,0.2172116,43.1307242,42.7790086,37.4363171,1545.9989938,56493.2755379,24.2031496
2017-04-10 22:36:34.000,60.4036779,28.6292080,51.0635647,0.2106094,40.9310647,40.5972865,37.4330885,1545.9580443,56488.0466264,24.1914166
2017-04-10 22:36:45.000,60.4062644,28.6319339,49.4385963,0.1996252,39.3060963,38.9855691,37.4332539,1545.9367017,56487.7151601,24.1836978
2017-04-10 22:36:56.000,60.3963710,28.6325470,47.1327536,0.1877061,37.0002536,36.6985298,37.4265517,1545.8921181,56477.8449760,24.1686160
2017-04-10 22:37:07.000,60.4037990,28.6339374,44.7190848,0.1732162,34.5865848,34.3045436,37.4314096,1545.8595592,56483.3884521,24.1615090
2017-04-10 22:37:18.000,60.3784385,28.6288317,42.1889757,0.1516568,32.0564757,31.7950667,37.4184505,1545.7923201,56464.8229144,24.1426766
2017-04-10 22:37:29.000,60.3407088,28.6172563,39.4361322,0.1632837,29.3036322,29.0646715,37.4019926,1545.7037352,56441.2085521,24.1224248
2017-04-10 22:37:40.000,60.3108218,28.6036690,37.5462861,0.1684253,27.4137861,27.1902365,37.3923461,1545.6325248,56426.9504059,24.1116488
2017-04-10 22:37:51.000,60.3041252,28.6008355,36.5545530,0.1549287,26.4220530,26.2065907,37.3901941,1545.6074571,56423.5420234,24.1067457
2017-04-10 22:38:02.000,60.2991156,28.6009508,35.8620127,0.1544612,25.7295127,25.5196977,37.3868056,1545.5924691,56418.7385139,24.1012031
2017-04-10 22:38:13.000,60.3081663,28.6061386,35.0186634,0.1770724,24.8861634,24.6832257,37.3893211,1545.5920671,56421.9759183,24.0977625
2017-04-10 22:38:24.000,60.3107644,28.6099797,34.6117820,0.1980476,24.4792820,24.2796623,37.3882389,1545.5923321,56420.5339839,24.0939280
2017-04-10 22:38:35.000,60.3149680,28.6114119,34.1514972,0.1717556,24.0189972,23.8231309,37.3901992,1545.5897213,56423.0225882,24.0929598
2017-04-10 22:38:46.000,60.3180362,28.6148468,33.4911707,0.1414321,23.3586707,23.1681891,37.3898457,1545.5856090,56422.4299303,24.0887277
2017-04-10 22:38:57.000,60.3187415,28.6155387,32.8647842,0.1311490,22.7322842,22.5469106,37.3899890,1545.5766942,56422.3922266,24.0859312
2017-04-10 22:39:08.000,60.3292483,28.6271683,31.6008056,0.1213332,21.4683056,21.2932392,37.3885738,1545.5789047,56420.4974883,24.0755840
2017-04-10 22:39:19.000,60.3380148,28.6367059,30.5055295,0.1426006,20.3730295,20.2068948,37.3875364,1545.5798517,56419.0840840,24.0669396
2017-04-10 22:39:30.000,60.3441977,28.6413267,29.9145012,0.1343624,19.7820012,19.6206860,37.3884089,1545.5807387,56420.2093903,24.0635282
2017-04-10 22:39:41.000,60.3555877,28.6490085,29.1787102,0.1479759,19.0462102,18.8908952,37.3905608,1545.5871062,56423.1184434,24.0594370
2017-04-10 22:39:52.000,60.3634858,28.6549302,28.5981712,0.1631668,18.4656712,18.3150903,37.3916054,1545.5911400,56424.5359807,24.0557640
2017-04-10 22:40:03.000,60.3758610,28.6653965,28.1875402,0.1578500,18.0550402,17.9078078,37.3921500,1545.6072627,56425.5598446,24.0509186
2017-04-10 22:40:14.000,60.3667468,28.6645521,27.7697775,0.1398545,17.6372775,17.4934518,37.3865617,1545.5925278,56417.8924027,24.0452150
2017-04-10 22:40:25.000,60.3632905,28.6628693,27.4531945,0.1351220,17.3206945,17.1794504,37.3855654,1545.5825329,56416.3568000,24.0436778
2017-04-10 22:40:36.000,60.3667715,28.6647282,27.0894387,0.1708792,16.9569387,16.8186610,37.3866513,1545.5815374,56417.7380713,24.0423202
2017-04-10 22:40:47.000,60.3701934,28.6659068,26.8238158,0.1476253,16.6913158,16.5552041,37.3882014,1545.5812236,56419.7491653,24.0419584
2017-04-10 22:40:58.000,60.3712496,28.6653722,26.6810183,0.1530006,16.5485183,16.4135710,37.3894069,1545.5789394,56421.2746674,24.0424348
2017-04-10 22:41:09.000,60.3602019,28.6601843,26.6481887,0.1500792,16.5156887,16.3810092,37.3857683,1545.5634195,56416.1741740,24.0412938
2017-04-10 22:41:20.000,60.3192767,28.6411870,25.9819584,0.1347130,15.8494584,15.7202118,37.3722783,1545.4971963,56397.0496440,24.0346592
2017-04-10 22:41:31.000,60.3335203,28.6588115,24.4695130,0.1458725,14.3370130,14.2200998,37.3688372,1545.5059376,56392.6180214,24.0197198
2017-04-10 22:41:42.000,60.3407807,28.6633067,24.6795832,0.1684837,14.5470832,14.4284569,37.3703155,1545.5206834,56394.8784857,24.0202241
2017-04-10 22:41:53.000,60.3216827,28.6494458,26.3427076,0.1719309,16.2102076,16.0780192,37.3673434,1545.5158162,56390.9822632,24.0297237
2017-04-10 22:42:04.000,60.3616865,28.6599960,28.9368069,0.1889331,18.8043069,18.6509645,37.3862464,1545.6020788,56417.7514663,24.0514825
2017-04-10 22:42:15.000,60.3515170,28.6428569,32.0303836,0.1874140,21.8978836,21.7193142,37.3916741,1545.6231119,56425.5108684,24.0745009
2017-04-10 22:42:26.000,60.3300943,28.6259239,33.6924033,0.1478006,23.5599033,23.3677807,37.3894987,1545.6124427,56422.5428134,24.0856208
2017-04-10 22:42:37.000,60.3321315,28.6284371,32.9723771,0.1440613,22.8398771,22.6536261,37.3891681,1545.6053646,56421.9151574,24.0814592
2017-04-10 22:42:48.000,60.3448378,28.6353095,31.0200193,0.1440028,20.8875193,20.7171890,37.3932592,1545.5915460,56426.8711925,24.0739071
2017-04-10 22:42:59.000,60.3519715,28.6502657,28.7228757,0.1555129,18.5903757,18.4387778,37.3871777,1545.5785635,56418.4714453,24.0545263
2017-04-10 22:43:10.000,60.3088088,28.6342045,26.2171517,0.1453467,16.0846517,15.9534871,37.3703737,1545.4841534,56394.2943662,24.0365657
2017-04-10 22:43:21.000,60.3293542,28.6538673,23.3474632,0.1801690,13.2149632,13.1071999,37.3701630,1545.4778128,56393.7017309,24.0175829
2017-04-10 22:43:32.000,60.3581288,28.6714355,20.3525699,0.1446455,10.2200699,10.1367289,37.3774030,1545.4726843,56402.9076575,24.0043689
2017-04-10 22:43:43.000,60.3980281,28.7086336,16.9467815,0.1257153,6.8142815,6.7587135,37.3770887,1545.4947418,56402.7451880,23.9771432
2017-04-10 22:43:54.000,60.4846261,28.8812692,13.3537256,0.1245467,3.2212256,3.1949577,37.3030336,1545.7253748,56310.2230313,23.8481933
2017-04-10 22:44:05.000,60.5262362,28.9756405,10.6680173,0.8237987,0.5355173,0.5311504,37.2589460,1545.8347418,56254.5611602,23.7718376
2017-04-10 22:44:16.000,0.0014410,28.8690859,10.2987241,-0.0012462,0.1662241,0.1648686,0.0131364,1506.5072615,1.3418678,-4.0045250
